0 0.28984375 0.15703125 0.08359375 0.17109375
0 0.38046875 0.1703125 0.0796875 0.171875
0 0.471875 0.2109375 0.08515625 0.1578125
0 0.57421875 0.20546875 0.08515625 0.17421875
0 0.68984375 0.23125 0.08828125 0.16640625
0 0.2296875 0.25859375 0.07109375 0.165625
0 0.3234375 0.28203125 0.078125 0.1453125
0 0.43359375 0.32578125 0.08671875 0.16484375
0 0.53359375 0.34609375 0.08671875 0.178125
0 0.67578125 0.3796875 0.08828125 0.17421875
0 0.165625 0.36171875 0.08125 0.18203125
0 0.2703125 0.41484375 0.1046875 0.16875
0 0.38515625 0.4609375 0.078125 0.15859375
0 0.50625 0.50546875 0.0984375 0.15625
0 0.65 0.55078125 0.0828125 0.18046875
0 0.63515625 0.7640625 0.10078125 0.17890625
0 0.46953125 0.7046875 0.10234375 0.1671875
0 0.33046875 0.6578125 0.08671875 0.184375
0 0.20390625 0.5796875 0.07890625 0.17109375
0 0.08359375 0.5328125 0.08125 0.171875