4 0.246875 0.434375 0.1234375 0.2578125
4 0.35078125 0.32109375 0.109375 0.23203125
4 0.41171875 0.1765625 0.10703125 0.23203125
4 0.378125 0.59921875 0.10859375 0.24921875
4 0.46328125 0.47265625 0.096875 0.24140625
4 0.534375 0.30859375 0.09140625 0.21796875
4 0.59765625 0.165625 0.09609375 0.2015625
4 0.50625 0.8015625 0.09765625 0.25
4 0.615625 0.64140625 0.10546875 0.1953125
4 0.67578125 0.4671875 0.109375 0.18671875
4 0.72890625 0.3015625 0.0953125 0.18515625
4 0.46953125 0.0671875 0.07421875 0.134375