4 0.253125 0.95078125 0.12109375 0.09765625
4 0.30859375 0.7296875 0.11875 0.21171875
4 0.32109375 0.52109375 0.0953125 0.20234375
4 0.3109375 0.32734375 0.1015625 0.18515625
4 0.465625 0.3078125 0.07734375 0.16328125
4 0.48359375 0.4921875 0.08984375 0.18203125
4 0.4890625 0.7046875 0.08515625 0.20546875
4 0.4625 0.92109375 0.1203125 0.1578125
4 0.6171875 0.284375 0.09453125 0.15859375
4 0.63515625 0.44375 0.084375 0.22734375
4 0.67265625 0.6609375 0.08828125 0.24140625
4 0.66875 0.90703125 0.1140625 0.18515625