0 0.325 0.56796875 0.05 0.09140625
0 0.31015625 0.48828125 0.04921875 0.0984375
0 0.39140625 0.5203125 0.05390625 0.09921875
0 0.371875 0.45 0.0484375 0.09296875
0 0.42734375 0.41796875 0.05078125 0.096875
0 0.41953125 0.62109375 0.0578125 0.09921875
0 0.4515625 0.503125 0.0546875 0.1125
0 0.484375 0.39140625 0.05546875 0.0953125
0 0.44609375 0.7234375 0.065625 0.10703125
0 0.47890625 0.58515625 0.05703125 0.0984375
0 0.50625 0.47421875 0.0546875 0.10234375
0 0.53359375 0.353125 0.05625 0.10625
0 0.5375 0.5375 0.0578125 0.09765625
0 0.5640625 0.42578125 0.05703125 0.10859375
0 0.37265625 0.75546875 0.0640625 0.11875
0 0.3546875 0.66796875 0.0609375 0.109375
0 0.571875 0.61875 0.05859375 0.103125
0 0.59765625 0.5140625 0.05625 0.10234375
0 0.509375 0.684375 0.06484375 0.103125
0 0.63359375 0.5953125 0.05703125 0.11953125