4 0.3265625 0.6125 0.11875 0.19921875
4 0.3546875 0.42265625 0.1140625 0.1953125
4 0.3515625 0.26015625 0.0875 0.17578125
4 0.34921875 0.13515625 0.0953125 0.16015625
4 0.4953125 0.1328125 0.08359375 0.1609375
4 0.51953125 0.25078125 0.09609375 0.14140625
4 0.546875 0.3890625 0.0875 0.18828125
4 0.53359375 0.5765625 0.1046875 0.19296875
4 0.6375 0.10859375 0.08046875 0.16171875
4 0.6703125 0.23203125 0.07890625 0.16328125
4 0.71953125 0.3640625 0.08515625 0.171875
4 0.74140625 0.53125 0.14140625 0.2