0 0.41640625 0.59453125 0.0453125 0.10390625
0 0.45078125 0.50234375 0.040625 0.08828125
0 0.48203125 0.43828125 0.03984375 0.1125
0 0.51015625 0.3625 0.0390625 0.09765625
0 0.68125 0.84140625 0.04765625 0.11875
0 0.60703125 0.76796875 0.05390625 0.1015625
0 0.5375 0.715625 0.04296875 0.09609375
0 0.4765625 0.64375 0.04765625 0.11015625
0 0.70546875 0.73359375 0.0546875 0.12109375
0 0.634375 0.671875 0.0546875 0.128125
0 0.56640625 0.640625 0.04609375 0.1203125
0 0.509375 0.5609375 0.046875 0.1140625
0 0.72734375 0.6375 0.04765625 0.11875
0 0.74375 0.54140625 0.05234375 0.10625
0 0.65859375 0.584375 0.04765625 0.10625
0 0.678125 0.49375 0.04609375 0.1046875
0 0.58984375 0.55390625 0.04453125 0.11015625
0 0.615625 0.45859375 0.04375 0.11015625
0 0.53828125 0.48203125 0.046875 0.10703125
0 0.56640625 0.40703125 0.03828125 0.12109375