0 0.32109375 0.41953125 0.0578125 0.115625
0 0.35859375 0.3390625 0.05546875 0.12109375
0 0.4015625 0.2625 0.05234375 0.11484375
0 0.3859375 0.48671875 0.06015625 0.12734375
0 0.42265625 0.3859375 0.0578125 0.11640625
0 0.4640625 0.3078125 0.053125 0.1125
0 0.440625 0.56796875 0.06015625 0.12421875
0 0.4765625 0.46484375 0.05703125 0.12265625
0 0.50859375 0.3640625 0.046875 0.121875
0 0.54609375 0.48828125 0.065625 0.11953125
0 0.57109375 0.4046875 0.059375 0.1
0 0.5796875 0.67421875 0.06953125 0.13125
0 0.61171875 0.55546875 0.059375 0.12265625
0 0.6390625 0.45234375 0.0484375 0.1078125
0 0.27109375 0.5140625 0.05546875 0.12265625
0 0.33515625 0.57421875 0.05625 0.11640625
0 0.39375 0.6609375 0.0609375 0.1234375
0 0.46640625 0.725 0.0703125 0.14453125
0 0.51015625 0.603125 0.07421875 0.11484375
0 0.540625 0.8046875 0.07265625 0.1453125