0 0.246875 0.60859375 0.053125 0.0890625
0 0.2796875 0.51875 0.046875 0.09921875
0 0.30625 0.44140625 0.03515625 0.096875
0 0.334375 0.3671875 0.03671875 0.084375
0 0.30859375 0.6453125 0.05 0.10234375
0 0.33828125 0.56015625 0.04453125 0.10703125
0 0.36640625 0.48203125 0.0359375 0.10703125
0 0.3921875 0.39921875 0.0578125 0.10625
0 0.36953125 0.69140625 0.04453125 0.0796875
0 0.39453125 0.6078125 0.04140625 0.10859375
0 0.41640625 0.51953125 0.040625 0.1015625
0 0.43828125 0.4421875 0.05078125 0.10390625
0 0.43515625 0.72421875 0.03828125 0.1015625
0 0.45703125 0.63203125 0.04609375 0.1296875
0 0.47734375 0.53515625 0.0453125 0.1
0 0.49453125 0.4578125 0.0421875 0.09765625
0 0.4984375 0.753125 0.046875 0.0953125
0 0.5171875 0.65859375 0.04296875 0.128125
0 0.5359375 0.565625 0.0515625 0.09609375
0 0.55078125 0.48125 0.04765625 0.0953125