0 0.13125 0.3078125 0.0734375 0.13984375
0 0.25078125 0.26640625 0.08125 0.17109375
0 0.3484375 0.2484375 0.07109375 0.1515625
0 0.43359375 0.19921875 0.0734375 0.16640625
0 0.48203125 0.3265625 0.08203125 0.171875
0 0.52109375 0.15625 0.065625 0.1390625
0 0.1578125 0.496875 0.08984375 0.175
0 0.28984375 0.41953125 0.08984375 0.1640625
0 0.39453125 0.3703125 0.09140625 0.14375
0 0.571875 0.2796875 0.0703125 0.1484375
0 0.2046875 0.69609375 0.10625 0.221875
0 0.33125 0.603125 0.0828125 0.1890625
0 0.434375 0.55703125 0.1015625 0.18125
0 0.53046875 0.48359375 0.0890625 0.17734375
0 0.61953125 0.44453125 0.07734375 0.1734375
0 0.2375 0.903125 0.1171875 0.19296875
0 0.37734375 0.81328125 0.1015625 0.21484375
0 0.4890625 0.73359375 0.09296875 0.1859375
0 0.5859375 0.64140625 0.08359375 0.2109375
0 0.6921875 0.55703125 0.0984375 0.1890625