0 0.32578125 0.675 0.04453125 0.071875
0 0.33203125 0.58359375 0.046875 0.08125
0 0.33515625 0.50703125 0.04609375 0.09140625
0 0.3375 0.41953125 0.0375 0.08359375
0 0.40859375 0.66328125 0.053125 0.0875
0 0.4046875 0.57421875 0.04140625 0.0765625
0 0.4015625 0.48671875 0.0421875 0.075
0 0.40078125 0.40703125 0.0453125 0.0796875
0 0.4578125 0.421875 0.03828125 0.0765625
0 0.46796875 0.584375 0.04140625 0.0890625
0 0.4625 0.509375 0.04453125 0.09609375
0 0.475 0.6640625 0.03828125 0.06796875
0 0.51484375 0.40234375 0.04296875 0.0890625
0 0.534375 0.5625 0.04375 0.096875
0 0.521875 0.48125 0.03125 0.0859375
0 0.54140625 0.64609375 0.03828125 0.0859375
0 0.56953125 0.39765625 0.0328125 0.07890625
0 0.584375 0.47734375 0.0375 0.09296875
0 0.5953125 0.55859375 0.0390625 0.08515625
0 0.61171875 0.64765625 0.0390625 0.0890625