0 0.259375 0.19140625 0.04765625 0.11953125
0 0.3 0.11328125 0.065625 0.12109375
0 0.34453125 0.21875 0.05859375 0.11484375
0 0.37734375 0.1296875 0.06015625 0.13203125
0 0.36484375 0.490625 0.06875 0.14296875
0 0.4046875 0.359375 0.0734375 0.14296875
0 0.41875 0.23203125 0.0546875 0.1203125
0 0.45 0.13046875 0.05625 0.12265625
0 0.471875 0.51484375 0.07265625 0.14375
0 0.49296875 0.3734375 0.07890625 0.13046875
0 0.5171875 0.2390625 0.07734375 0.12734375
0 0.5328125 0.1453125 0.059375 0.1203125
0 0.2203125 0.321875 0.0625 0.11484375
0 0.3125 0.34140625 0.0765625 0.11875
0 0.16640625 0.446875 0.1 0.14296875
0 0.26640625 0.46875 0.06875 0.13125
0 0.43203125 0.703125 0.090625 0.1359375
0 0.32109375 0.6515625 0.08671875 0.15234375
0 0.21328125 0.63515625 0.07109375 0.175
0 0.11484375 0.61640625 0.06484375 0.15234375