4 0.34921875 0.50625 0.18359375 0.08515625
4 0.21171875 0.45234375 0.1703125 0.09453125
4 0.08203125 0.41171875 0.15078125 0.08203125
4 0.065625 0.353125 0.13125 0.0625
4 0.2390625 0.28046875 0.203125 0.07421875
4 0.32734375 0.3296875 0.22734375 0.0609375
4 0.45546875 0.36796875 0.17890625 0.05859375
4 0.609375 0.4078125 0.203125 0.0890625
4 0.4453125 0.215625 0.14765625 0.08203125
4 0.534375 0.25390625 0.153125 0.0765625
4 0.67578125 0.28671875 0.16484375 0.075
4 0.8453125 0.31015625 0.2078125 0.08671875