0 0.33203125 0.575 0.06171875 0.12109375
0 0.3203125 0.49921875 0.0625 0.1046875
0 0.3078125 0.38828125 0.05390625 0.10078125
0 0.29921875 0.30390625 0.04609375 0.08828125
0 0.3671875 0.29140625 0.0515625 0.096875
0 0.3859375 0.459375 0.05390625 0.10078125
0 0.38125 0.37265625 0.05078125 0.0890625
0 0.4390625 0.3421875 0.05546875 0.09140625
0 0.4296875 0.28203125 0.04296875 0.1109375
0 0.50703125 0.321875 0.06484375 0.11015625
0 0.48515625 0.25 0.03828125 0.0734375
0 0.42734375 0.64296875 0.06015625 0.09921875
0 0.4109375 0.553125 0.0671875 0.11328125
0 0.4546875 0.44609375 0.06015625 0.10546875
0 0.48203125 0.52890625 0.0640625 0.109375
0 0.51875 0.428125 0.0484375 0.09765625
0 0.503125 0.603125 0.05859375 0.10703125
0 0.5421875 0.49375 0.053125 0.109375
0 0.34765625 0.678125 0.0546875 0.10546875
0 0.57578125 0.59609375 0.06015625 0.12109375