4 0.31328125 0.640625 0.12265625 0.20390625
4 0.3515625 0.43984375 0.1 0.18671875
4 0.34453125 0.27421875 0.08359375 0.1390625
4 0.3296875 0.13671875 0.103125 0.1578125
4 0.47890625 0.12109375 0.09140625 0.15859375
4 0.50546875 0.25234375 0.084375 0.1484375
4 0.53203125 0.40078125 0.08671875 0.16875
4 0.52421875 0.5859375 0.10390625 0.190625
4 0.6125 0.10703125 0.0796875 0.1640625
4 0.71875 0.53203125 0.1171875 0.16796875
4 0.7 0.36015625 0.08828125 0.16328125
4 0.65859375 0.22578125 0.0734375 0.13984375