0 0.2796875 0.13203125 0.065625 0.13828125
0 0.37265625 0.1625 0.065625 0.14453125
0 0.46875 0.203125 0.06640625 0.165625
0 0.5640625 0.19375 0.065625 0.14609375
0 0.6859375 0.19921875 0.053125 0.1578125
0 0.22890625 0.2390625 0.0640625 0.13828125
0 0.3203125 0.2765625 0.0609375 0.1265625
0 0.428125 0.31640625 0.0609375 0.14140625
0 0.5359375 0.33515625 0.06875 0.140625
0 0.6609375 0.35078125 0.0765625 0.15625
0 0.16015625 0.36328125 0.0609375 0.13203125
0 0.27109375 0.39921875 0.06640625 0.1546875
0 0.38125 0.44609375 0.065625 0.14453125
0 0.5 0.48515625 0.0734375 0.1796875
0 0.6515625 0.54140625 0.1015625 0.19453125
0 0.61953125 0.765625 0.1 0.18984375
0 0.45703125 0.6875 0.1109375 0.203125
0 0.32421875 0.62421875 0.08984375 0.16328125
0 0.19140625 0.55703125 0.08125 0.17109375
0 0.0859375 0.5125 0.10546875 0.18515625
0 0.30703125 0.18203125 0.0015625 0.003125