4 0.3234375 0.3984375 0.0765625 0.14765625
4 0.4265625 0.51171875 0.07109375 0.13515625
4 0.4359375 0.3796875 0.07421875 0.12578125
4 0.55078125 0.36484375 0.07734375 0.14453125
4 0.3015625 0.5390625 0.07109375 0.13984375
4 0.56640625 0.49765625 0.08046875 0.1328125
4 0.2890625 0.6859375 0.084375 0.1546875
4 0.42890625 0.646875 0.0734375 0.13515625
4 0.5796875 0.62265625 0.071875 0.13515625
4 0.24453125 0.84609375 0.1109375 0.1390625
4 0.39765625 0.815625 0.07578125 0.1375
4 0.56328125 0.775 0.07734375 0.14765625