0 0.146875 0.615625 0.06015625 0.13515625
0 0.17890625 0.46484375 0.05625 0.14453125
0 0.209375 0.31796875 0.05546875 0.1390625
0 0.2421875 0.1640625 0.06484375 0.13671875
0 0.28984375 0.17578125 0.06171875 0.121875
0 0.34765625 0.19296875 0.07265625 0.14140625
0 0.40390625 0.175 0.04765625 0.16875
0 0.48125 0.1796875 0.0625 0.140625
0 0.19921875 0.665625 0.05703125 0.1703125
0 0.23125 0.49140625 0.05546875 0.1921875
0 0.26328125 0.33046875 0.05546875 0.1484375
0 0.2625 0.68828125 0.06328125 0.13359375
0 0.3203125 0.7421875 0.05703125 0.1703125
0 0.39140625 0.759375 0.07421875 0.11796875
0 0.29609375 0.5 0.06015625 0.13203125
0 0.32421875 0.33671875 0.0640625 0.14921875
0 0.3765625 0.35546875 0.0625 0.1328125
0 0.45390625 0.365625 0.0625 0.12578125
0 0.34921875 0.53984375 0.06484375 0.12578125
0 0.41875 0.5578125 0.0671875 0.1390625