0 0.340625 0.453125 0.0625 0.14765625
0 0.421875 0.4328125 0.06328125 0.13984375
0 0.4890625 0.390625 0.0578125 0.17578125
0 0.55859375 0.34296875 0.05546875 0.1453125
0 0.63203125 0.3171875 0.06015625 0.15390625
0 0.35625 0.6015625 0.0625 0.17734375
0 0.38125 0.75703125 0.06640625 0.15703125
0 0.403125 0.9265625 0.0734375 0.146875
0 0.440625 0.5625 0.05859375 0.15
0 0.4640625 0.71328125 0.0578125 0.1453125
0 0.51484375 0.52578125 0.0703125 0.15
0 0.58671875 0.475 0.05234375 0.16484375
0 0.6609375 0.4375 0.0734375 0.1390625
0 0.54140625 0.6609375 0.06484375 0.15
0 0.615625 0.615625 0.0671875 0.15234375
0 0.6953125 0.5640625 0.06875 0.1734375
0 0.48671875 0.8828125 0.06171875 0.15859375
0 0.740625 0.715625 0.08046875 0.13984375
0 0.65078125 0.75859375 0.0734375 0.14921875
0 0.5734375 0.8140625 0.06015625 0.1515625