4 0.284375 0.56171875 0.103125 0.17421875
4 0.2921875 0.4234375 0.0921875 0.13984375
4 0.29296875 0.31796875 0.06328125 0.12265625
4 0.3234375 0.215625 0.06796875 0.14609375
4 0.44375 0.55390625 0.0828125 0.1515625
4 0.42890625 0.43203125 0.084375 0.13984375
4 0.4171875 0.32578125 0.07421875 0.12734375
4 0.44453125 0.221875 0.06328125 0.1328125
4 0.54140625 0.33671875 0.06953125 0.1328125
4 0.55625 0.21640625 0.0609375 0.14296875
4 0.56796875 0.4296875 0.0921875 0.14765625
4 0.59375 0.540625 0.08671875 0.17265625