4 0.1171875 0.40390625 0.23359375 0.10234375
4 0.11953125 0.30703125 0.23828125 0.09296875
4 0.11953125 0.21953125 0.18125 0.075
4 0.23359375 0.1578125 0.2140625 0.084375
4 0.5203125 0.3953125 0.24296875 0.10390625
4 0.51640625 0.3046875 0.23515625 0.09296875
4 0.503125 0.2203125 0.2078125 0.09140625
4 0.58828125 0.1515625 0.20390625 0.090625
4 0.89453125 0.28046875 0.203125 0.09140625
4 0.85703125 0.1984375 0.22109375 0.0890625
4 0.9078125 0.1296875 0.17578125 0.090625
4 0.93046875 0.3765625 0.1390625 0.1