0 0.07734375 0.5015625 0.075 0.13671875
0 0.1640625 0.3734375 0.078125 0.1625
0 0.2234375 0.2453125 0.065625 0.1625
0 0.27890625 0.12578125 0.0671875 0.1140625
0 0.2 0.565625 0.08515625 0.14453125
0 0.2671875 0.39296875 0.0734375 0.15390625
0 0.321875 0.2640625 0.06015625 0.12890625
0 0.3640625 0.15078125 0.0640625 0.1375
0 0.32890625 0.62890625 0.08125 0.1734375
0 0.3796875 0.46171875 0.075 0.16484375
0 0.425 0.31484375 0.05546875 0.12734375
0 0.46015625 0.1953125 0.06953125 0.13984375
0 0.45859375 0.671875 0.08671875 0.17109375
0 0.5 0.4984375 0.07734375 0.18359375
0 0.53125 0.3359375 0.0625 0.159375
0 0.56484375 0.19921875 0.07265625 0.14140625
0 0.61796875 0.74921875 0.1109375 0.1953125
0 0.6484375 0.53359375 0.103125 0.2
0 0.66015625 0.35625 0.09609375 0.18359375
0 0.68203125 0.2140625 0.0796875 0.159375