4 0.28984375 0.5140625 0.1625 0.071875
4 0.4609375 0.471875 0.1640625 0.06875
4 0.6328125 0.43359375 0.12578125 0.06015625
4 0.82734375 0.4109375 0.171875 0.0609375
4 0.1265625 0.43125 0.13125 0.065625
4 0.3015625 0.39375 0.15078125 0.0734375
4 0.47265625 0.35859375 0.13203125 0.0671875
4 0.6578125 0.34453125 0.14921875 0.06328125
4 0.02578125 0.35234375 0.0515625 0.0859375
4 0.1515625 0.31796875 0.128125 0.05546875
4 0.31015625 0.284375 0.13203125 0.06328125
4 0.49453125 0.26328125 0.1390625 0.05546875