0 0.3640625 0.396875 0.0609375 0.1390625
0 0.425 0.30546875 0.06171875 0.12578125
0 0.475 0.240625 0.06328125 0.11875
0 0.52421875 0.3328125 0.06484375 0.11328125
0 0.5265625 0.18125 0.05390625 0.10234375
0 0.56953125 0.40625 0.06640625 0.12890625
0 0.57734375 0.259375 0.0703125 0.1078125
0 0.578125 0.11953125 0.0578125 0.11015625
0 0.4109375 0.4640625 0.06015625 0.1140625
0 0.47109375 0.40546875 0.06796875 0.10703125
0 0.62734375 0.1734375 0.0625 0.11171875
0 0.46171875 0.5640625 0.07109375 0.11953125
0 0.51640625 0.48125 0.05859375 0.1125
0 0.62578125 0.4921875 0.06640625 0.146875
0 0.62578125 0.3234375 0.0640625 0.11328125
0 0.6828125 0.41015625 0.065625 0.11640625
0 0.6765625 0.253125 0.059375 0.103125
0 0.5078125 0.6796875 0.0671875 0.11015625
0 0.57109375 0.55390625 0.06015625 0.12421875
0 0.7359375 0.32109375 0.06015625 0.1203125