0 0.1640625 0.50078125 0.08515625 0.15625
0 0.21015625 0.34453125 0.0796875 0.16484375
0 0.253125 0.18515625 0.0703125 0.15625
0 0.290625 0.05859375 0.06796875 0.1171875
0 0.253125 0.53515625 0.0703125 0.15390625
0 0.30859375 0.3703125 0.0703125 0.178125
0 0.33828125 0.2109375 0.06640625 0.14375
0 0.36796875 0.06640625 0.0703125 0.11484375
0 0.35703125 0.58046875 0.05859375 0.140625
0 0.46328125 0.62109375 0.0703125 0.16328125
0 0.590625 0.65859375 0.08359375 0.1671875
0 0.39453125 0.40078125 0.065625 0.15234375
0 0.425 0.24765625 0.05390625 0.1453125
0 0.45703125 0.1078125 0.0828125 0.12734375
0 0.54453125 0.1 0.05625 0.1390625
0 0.51796875 0.25546875 0.05546875 0.1234375
0 0.50234375 0.41796875 0.075 0.1484375
0 0.61484375 0.4546875 0.0921875 0.1515625
0 0.63125 0.27578125 0.0765625 0.11484375
0 0.65078125 0.1171875 0.07109375 0.15234375