0 0.40234375 0.37578125 0.034375 0.07265625
0 0.43203125 0.3171875 0.03203125 0.07421875
0 0.36953125 0.43515625 0.04140625 0.08828125
0 0.334375 0.4921875 0.034375 0.065625
0 0.42265625 0.471875 0.0375 0.08671875
0 0.4515625 0.41484375 0.03828125 0.08125
0 0.475 0.346875 0.03359375 0.07578125
0 0.3890625 0.5359375 0.0390625 0.08671875
0 0.49453125 0.465625 0.034375 0.0703125
0 0.51796875 0.396875 0.04296875 0.08515625
0 0.434375 0.59140625 0.028125 0.07109375
0 0.46640625 0.5296875 0.04453125 0.08203125
0 0.52109375 0.55859375 0.0375 0.08984375
0 0.5484375 0.4875 0.0375 0.09921875
0 0.571875 0.42734375 0.03984375 0.09453125
0 0.490625 0.63125 0.04453125 0.08984375
0 0.6 0.53359375 0.03828125 0.096875
0 0.621875 0.46015625 0.03984375 0.07734375
0 0.578125 0.60859375 0.04921875 0.08671875
0 0.55 0.68046875 0.0390625 0.1