4 0.3125 0.50859375 0.2078125 0.09453125
4 0.0546875 0.4484375 0.109375 0.103125
4 0.27109375 0.403125 0.1796875 0.0703125
4 0.38984375 0.346875 0.18828125 0.0796875
4 0.4921875 0.29296875 0.196875 0.08046875
4 0.578125 0.5640625 0.215625 0.09765625
4 0.51796875 0.4515625 0.16171875 0.08359375
4 0.640625 0.39765625 0.20078125 0.08828125
4 0.7359375 0.3375 0.19375 0.08515625
4 0.78671875 0.5140625 0.18671875 0.090625
4 0.90390625 0.4453125 0.1921875 0.08984375
4 0.9578125 0.36875 0.084375 0.084375