0 0.090625 0.5375 0.103125 0.175
0 0.16796875 0.3875 0.08359375 0.15234375
0 0.23515625 0.2625 0.08046875 0.15390625
0 0.28203125 0.1359375 0.0828125 0.1453125
0 0.1984375 0.5828125 0.09296875 0.1625
0 0.275 0.41796875 0.071875 0.13828125
0 0.325 0.28828125 0.07109375 0.15078125
0 0.37578125 0.17109375 0.06640625 0.15
0 0.47265625 0.21484375 0.06484375 0.15703125
0 0.42578125 0.33984375 0.07890625 0.1609375
0 0.38359375 0.48359375 0.07578125 0.16484375
0 0.33046875 0.659375 0.0890625 0.19609375
0 0.46171875 0.70078125 0.09140625 0.16953125
0 0.496875 0.52109375 0.0921875 0.17578125
0 0.53828125 0.36171875 0.075 0.1609375
0 0.56953125 0.23203125 0.07265625 0.153125
0 0.68671875 0.24921875 0.090625 0.1375
0 0.6625 0.3890625 0.0890625 0.17890625
0 0.646875 0.578125 0.09921875 0.20703125
0 0.62109375 0.76640625 0.10703125 0.18671875