0 0.32734375 0.63984375 0.05546875 0.11796875
0 0.4015625 0.58828125 0.05546875 0.1125
0 0.45546875 0.5265625 0.05 0.1
0 0.51796875 0.4828125 0.05 0.1140625
0 0.58359375 0.4328125 0.04921875 0.1234375
0 0.3546875 0.7796875 0.05703125 0.10859375
0 0.38671875 0.9328125 0.0640625 0.12734375
0 0.4296875 0.71328125 0.05703125 0.11875
0 0.49296875 0.64453125 0.0453125 0.1171875
0 0.553125 0.59296875 0.0546875 0.11171875
0 0.61875 0.5265625 0.05078125 0.1046875
0 0.4640625 0.84375 0.05546875 0.1234375
0 0.52578125 0.7796875 0.04296875 0.13046875
0 0.6015625 0.728125 0.0625 0.1234375
0 0.6625 0.6671875 0.06171875 0.12890625
0 0.50390625 0.97421875 0.0609375 0.0515625
0 0.5734375 0.91640625 0.0578125 0.1046875
0 0.64453125 0.86484375 0.05859375 0.13828125
0 0.70703125 0.7859375 0.06796875 0.1171875