4 0.09609375 0.3921875 0.19140625 0.09921875
4 0.12578125 0.3046875 0.2515625 0.0921875
4 0.11015625 0.21875 0.19609375 0.08828125
4 0.2078125 0.15390625 0.1953125 0.08515625
4 0.503125 0.3796875 0.26015625 0.11015625
4 0.48203125 0.2921875 0.22578125 0.09609375
4 0.471875 0.2109375 0.24609375 0.078125
4 0.5421875 0.1359375 0.23203125 0.07890625
4 0.90546875 0.3625 0.1890625 0.11875
4 0.87578125 0.26484375 0.2484375 0.0984375
4 0.83125 0.1890625 0.21171875 0.08828125
4 0.8984375 0.11171875 0.2 0.09140625