0 0.284375 0.13984375 0.05703125 0.1421875
0 0.2296875 0.128125 0.04921875 0.134375
0 0.34140625 0.14921875 0.0546875 0.14375
0 0.40390625 0.15390625 0.06015625 0.13828125
0 0.478125 0.153125 0.05546875 0.1359375
0 0.20078125 0.28046875 0.053125 0.11875
0 0.2578125 0.3 0.04375 0.13046875
0 0.3234375 0.31484375 0.05546875 0.1328125
0 0.38828125 0.32578125 0.05703125 0.13828125
0 0.45703125 0.32890625 0.05859375 0.1328125
0 0.1703125 0.440625 0.05234375 0.12265625
0 0.2296875 0.46015625 0.05859375 0.11875
0 0.29375 0.48203125 0.06015625 0.13515625
0 0.34375 0.51328125 0.05390625 0.13671875
0 0.4171875 0.51875 0.0546875 0.153125
0 0.14375 0.6046875 0.0546875 0.12421875
0 0.19765625 0.62890625 0.059375 0.134375
0 0.2546875 0.66328125 0.06015625 0.1328125
0 0.315625 0.70078125 0.0609375 0.14140625
0 0.3734375 0.73671875 0.06171875 0.153125