4 0.1125 0.40625 0.22421875 0.078125
4 0.2203125 0.34140625 0.24921875 0.08828125
4 0.2234375 0.26953125 0.2671875 0.0703125
4 0.25234375 0.2203125 0.27265625 0.08671875
4 0.5 0.42421875 0.30234375 0.0953125
4 0.56171875 0.3640625 0.2328125 0.08203125
4 0.56171875 0.290625 0.27109375 0.0890625
4 0.55234375 0.2328125 0.24296875 0.0796875
4 0.878125 0.4296875 0.24296875 0.09609375
4 0.90390625 0.36796875 0.1921875 0.07734375
4 0.88125 0.30390625 0.2203125 0.08359375
4 0.865625 0.23828125 0.23515625 0.08359375