0 0.3671875 0.63671875 0.0625 0.1015625
0 0.390625 0.51640625 0.05 0.12109375
0 0.40546875 0.41640625 0.05546875 0.1125
0 0.4265625 0.31484375 0.05078125 0.12734375
0 0.44453125 0.2125 0.0484375 0.10234375
0 0.44921875 0.6734375 0.059375 0.103125
0 0.46953125 0.55078125 0.05546875 0.12578125
0 0.47734375 0.44765625 0.0546875 0.11484375
0 0.49375 0.3328125 0.04296875 0.109375
0 0.5078125 0.23671875 0.0546875 0.11796875
0 0.5296875 0.7109375 0.0609375 0.11875
0 0.5421875 0.58203125 0.06328125 0.11640625
0 0.546875 0.4703125 0.0515625 0.1125
0 0.56171875 0.3625 0.05625 0.10234375
0 0.56796875 0.26171875 0.05234375 0.1296875
0 0.621875 0.7578125 0.07421875 0.14765625
0 0.63125 0.61484375 0.06796875 0.1234375
0 0.6234375 0.49921875 0.06953125 0.115625
0 0.634375 0.39140625 0.0671875 0.11796875
0 0.6328125 0.28828125 0.0578125 0.10703125