4 0.0828125 0.353125 0.1515625 0.078125
4 0.22734375 0.32421875 0.15703125 0.07265625
4 0.36796875 0.4109375 0.19609375 0.08046875
4 0.3828125 0.28828125 0.1859375 0.0796875
4 0.49921875 0.4953125 0.23671875 0.0953125
4 0.5421875 0.36640625 0.20390625 0.07265625
4 0.596875 0.2765625 0.178125 0.07109375
4 0.1703125 0.45078125 0.175 0.08203125
4 0.67578125 0.4609375 0.20234375 0.0875
4 0.7421875 0.3546875 0.20859375 0.09296875
4 0.30234375 0.53984375 0.19296875 0.08828125
4 0.89453125 0.43203125 0.19609375 0.09375