0 0.625 0.73515625 0.09765625 0.1890625
0 0.453125 0.6828125 0.0953125 0.17109375
0 0.3234375 0.621875 0.0796875 0.15859375
0 0.20234375 0.571875 0.09296875 0.1453125
0 0.08203125 0.52578125 0.08203125 0.1625
0 0.1640625 0.3703125 0.084375 0.1515625
0 0.22265625 0.25390625 0.0671875 0.1625
0 0.27890625 0.1328125 0.06015625 0.1171875
0 0.3734375 0.16328125 0.06171875 0.15625
0 0.3265625 0.27421875 0.0765625 0.15625
0 0.2703125 0.4140625 0.07734375 0.18984375
0 0.428125 0.32109375 0.059375 0.1453125
0 0.465625 0.196875 0.06015625 0.13203125
0 0.38671875 0.4640625 0.09453125 0.14296875
0 0.5671875 0.1921875 0.0703125 0.13828125
0 0.53359375 0.34375 0.06953125 0.17890625
0 0.4984375 0.503125 0.0875 0.1609375
0 0.6484375 0.5453125 0.0953125 0.18046875
0 0.66640625 0.3765625 0.1015625 0.16953125
0 0.68515625 0.21875 0.0875 0.15859375