0 0.29453125 0.65625 0.03984375 0.07265625
0 0.29765625 0.47109375 0.05 0.07734375
0 0.3 0.38671875 0.0359375 0.0796875
0 0.29921875 0.55859375 0.0484375 0.08984375
0 0.365625 0.37265625 0.0484375 0.06953125
0 0.37265625 0.540625 0.046875 0.07890625
0 0.3703125 0.45625 0.03671875 0.0734375
0 0.37578125 0.63828125 0.046875 0.08828125
0 0.425 0.37734375 0.046875 0.08671875
0 0.4484375 0.63359375 0.03828125 0.07109375
0 0.43125 0.45078125 0.03046875 0.0765625
0 0.43984375 0.546875 0.03984375 0.07578125
0 0.48125 0.34375 0.0421875 0.0765625
0 0.49296875 0.428125 0.03984375 0.075
0 0.50625 0.5125 0.03671875 0.08359375
0 0.5140625 0.5984375 0.0375 0.06640625
0 0.540625 0.33515625 0.040625 0.08828125
0 0.553125 0.41015625 0.0359375 0.0828125
0 0.58984375 0.5765625 0.04140625 0.07421875
0 0.571875 0.49296875 0.0453125 0.08515625