4 0.03203125 0.4703125 0.0640625 0.0859375
4 0.21796875 0.4296875 0.17421875 0.06796875
4 0.34140625 0.36953125 0.16953125 0.06875
4 0.453125 0.31640625 0.16015625 0.06328125
4 0.4578125 0.4765625 0.20390625 0.090625
4 0.58984375 0.4109375 0.17421875 0.0671875
4 0.68828125 0.36015625 0.184375 0.075
4 0.7453125 0.5359375 0.2078125 0.08359375
4 0.8578125 0.46640625 0.19140625 0.0734375
4 0.9390625 0.3953125 0.12109375 0.06875
4 0.5359375 0.5921875 0.209375 0.08828125
4 0.26875 0.53359375 0.203125 0.0828125