0 0.115625 0.24921875 0.07421875 0.18125
0 0.23203125 0.2109375 0.090625 0.16484375
0 0.334375 0.18359375 0.07265625 0.1859375
0 0.42578125 0.14453125 0.06953125 0.16328125
0 0.51328125 0.09609375 0.06484375 0.1640625
0 0.14296875 0.43125 0.09140625 0.16953125
0 0.26640625 0.3546875 0.07578125 0.16953125
0 0.37421875 0.33671875 0.06953125 0.16640625
0 0.46796875 0.2796875 0.078125 0.1765625
0 0.56015625 0.215625 0.0734375 0.153125
0 0.1703125 0.63046875 0.090625 0.19765625
0 0.303125 0.55625 0.09921875 0.18046875
0 0.41953125 0.49296875 0.08515625 0.171875
0 0.51953125 0.415625 0.07734375 0.16640625
0 0.61171875 0.35390625 0.08125 0.1765625
0 0.20703125 0.87265625 0.0875 0.2140625
0 0.353125 0.75 0.078125 0.19765625
0 0.46484375 0.68828125 0.0859375 0.17734375
0 0.575 0.596875 0.0890625 0.1734375
0 0.6734375 0.52265625 0.0828125 0.16953125