0 0.29453125 0.2609375 0.046875 0.1015625
0 0.33125 0.5984375 0.05 0.11015625
0 0.32265625 0.50703125 0.059375 0.109375
0 0.3078125 0.4296875 0.04609375 0.1046875
0 0.3078125 0.340625 0.0484375 0.096875
0 0.35859375 0.2609375 0.0453125 0.0953125
0 0.37421875 0.409375 0.05234375 0.1109375
0 0.3734375 0.3359375 0.053125 0.10625
0 0.41796875 0.24453125 0.046875 0.1
0 0.4046875 0.57578125 0.0515625 0.1265625
0 0.3953125 0.49375 0.06328125 0.10078125
0 0.440625 0.4078125 0.0546875 0.10859375
0 0.4296875 0.31328125 0.0515625 0.1125
0 0.4734375 0.23125 0.04140625 0.0859375
0 0.47578125 0.55703125 0.0546875 0.09765625
0 0.45859375 0.4734375 0.05703125 0.115625
0 0.50078125 0.39140625 0.0609375 0.11171875
0 0.48671875 0.2890625 0.04453125 0.096875
0 0.528125 0.459375 0.0671875 0.1125
0 0.54765625 0.5140625 0.06640625 0.12734375