0 0.27890625 0.08515625 0.07421875 0.13671875
0 0.371875 0.1078125 0.071875 0.1546875
0 0.46640625 0.13828125 0.078125 0.17421875
0 0.56171875 0.1578125 0.0859375 0.16640625
0 0.690625 0.15859375 0.06953125 0.15703125
0 0.2234375 0.19453125 0.06875 0.13203125
0 0.321875 0.21328125 0.0828125 0.13515625
0 0.43046875 0.26015625 0.0734375 0.16171875
0 0.540625 0.271875 0.07421875 0.14921875
0 0.67578125 0.290625 0.0734375 0.1390625
0 0.15703125 0.31796875 0.084375 0.13046875
0 0.27578125 0.35234375 0.090625 0.146875
0 0.3859375 0.39375 0.1015625 0.1703125
0 0.509375 0.43359375 0.084375 0.14765625
0 0.65703125 0.47265625 0.10078125 0.16171875
0 0.6265625 0.68046875 0.09296875 0.17109375
0 0.46953125 0.63125 0.07578125 0.16015625
0 0.334375 0.5828125 0.09375 0.171875
0 0.19609375 0.52421875 0.096875 0.20625
0 0.06796875 0.4734375 0.07265625 0.171875