4 0.32578125 0.12890625 0.1 0.1640625
4 0.46953125 0.1140625 0.09375 0.16171875
4 0.62265625 0.0890625 0.08359375 0.14921875
4 0.3359375 0.26484375 0.09765625 0.165625
4 0.50859375 0.25 0.09453125 0.171875
4 0.65234375 0.21796875 0.0984375 0.16796875
4 0.34375 0.4328125 0.11796875 0.1828125
4 0.53046875 0.38984375 0.09921875 0.1734375
4 0.70390625 0.346875 0.09296875 0.18046875
4 0.30546875 0.63046875 0.1125 0.1984375
4 0.515625 0.5578125 0.10703125 0.18203125
4 0.71328125 0.525 0.1125 0.18359375