0 0.0953125 0.5234375 0.08515625 0.14609375
0 0.17421875 0.36875 0.07890625 0.1375
0 0.2453125 0.2703125 0.071875 0.16875
0 0.29453125 0.1390625 0.06875 0.13046875
0 0.20703125 0.5734375 0.08359375 0.1546875
0 0.28046875 0.421875 0.07265625 0.16640625
0 0.34140625 0.28984375 0.06796875 0.159375
0 0.384375 0.178125 0.0625 0.1484375
0 0.3375 0.65 0.08203125 0.18828125
0 0.39453125 0.48515625 0.075 0.17890625
0 0.440625 0.3421875 0.0765625 0.15546875
0 0.48203125 0.2359375 0.075 0.171875
0 0.475 0.7171875 0.1015625 0.19765625
0 0.51015625 0.5171875 0.07421875 0.1890625
0 0.5453125 0.37421875 0.0734375 0.153125
0 0.57421875 0.221875 0.06953125 0.16484375
0 0.634375 0.76796875 0.10859375 0.17890625
0 0.653125 0.559375 0.1046875 0.18671875
0 0.6734375 0.3890625 0.0890625 0.18828125
0 0.696875 0.25078125 0.0796875 0.16328125