0 0.4140625 0.58515625 0.0421875 0.09609375
0 0.36875 0.503125 0.05078125 0.0953125
0 0.3234375 0.4171875 0.04140625 0.07578125
0 0.28203125 0.3390625 0.04609375 0.10546875
0 0.471875 0.5203125 0.05625 0.08203125
0 0.42578125 0.453125 0.040625 0.09921875
0 0.3828125 0.38125 0.046875 0.0859375
0 0.34296875 0.29765625 0.05 0.109375
0 0.51796875 0.48046875 0.0484375 0.11484375
0 0.5640625 0.41484375 0.03984375 0.09296875
0 0.6171875 0.37578125 0.05 0.1015625
0 0.4734375 0.4046875 0.04609375 0.0953125
0 0.5234375 0.35546875 0.0390625 0.0890625
0 0.56875 0.3 0.0390625 0.096875
0 0.43125 0.33359375 0.0390625 0.09921875
0 0.48046875 0.29609375 0.0390625 0.0953125
0 0.52421875 0.25390625 0.03515625 0.10546875
0 0.39140625 0.26484375 0.0421875 0.09296875
0 0.44296875 0.221875 0.04453125 0.1
0 0.4859375 0.18046875 0.0421875 0.0921875