0 0.3 0.45390625 0.05234375 0.10546875
0 0.3421875 0.35859375 0.04921875 0.10078125
0 0.39453125 0.290625 0.04609375 0.10625
0 0.43125 0.23203125 0.04375 0.10859375
0 0.35234375 0.51796875 0.04375 0.0984375
0 0.4 0.425 0.0453125 0.103125
0 0.4453125 0.3609375 0.046875 0.1046875
0 0.4859375 0.27734375 0.04921875 0.10625
0 0.4109375 0.6109375 0.05234375 0.1265625
0 0.4515625 0.52109375 0.05 0.1171875
0 0.48828125 0.4296875 0.04765625 0.1125
0 0.53046875 0.353125 0.04375 0.11171875
0 0.46953125 0.67578125 0.053125 0.128125
0 0.515625 0.5703125 0.05546875 0.1203125
0 0.5515625 0.48828125 0.05625 0.11875
0 0.590625 0.3875 0.0546875 0.11875
0 0.53359375 0.76796875 0.059375 0.13828125
0 0.58046875 0.653125 0.05703125 0.11796875
0 0.6171875 0.55078125 0.0578125 0.1203125
0 0.65703125 0.465625 0.05390625 0.1125