0 0.15625 0.50546875 0.06875 0.12109375
0 0.209375 0.33984375 0.07734375 0.1171875
0 0.2578125 0.1953125 0.05703125 0.16171875
0 0.28828125 0.07109375 0.0609375 0.13125
0 0.37734375 0.0921875 0.08046875 0.12421875
0 0.45859375 0.11875 0.06171875 0.17578125
0 0.546875 0.1140625 0.06875 0.1671875
0 0.646875 0.1265625 0.0796875 0.16484375
0 0.340625 0.2234375 0.05625 0.1359375
0 0.296875 0.35078125 0.0734375 0.12890625
0 0.25390625 0.5375 0.05859375 0.16953125
0 0.3609375 0.58046875 0.06796875 0.140625
0 0.39921875 0.409375 0.0546875 0.14765625
0 0.4296875 0.27578125 0.05703125 0.153125
0 0.51953125 0.2953125 0.05078125 0.15390625
0 0.490625 0.43203125 0.0609375 0.1328125
0 0.46640625 0.63046875 0.053125 0.17578125
0 0.58671875 0.6734375 0.08515625 0.1421875
0 0.61953125 0.46953125 0.06953125 0.15859375
0 0.634375 0.28828125 0.0703125 0.1453125