0 0.2734375 0.6609375 0.05859375 0.0890625
0 0.28828125 0.54453125 0.046875 0.090625
0 0.296875 0.45859375 0.0578125 0.09296875
0 0.31796875 0.37109375 0.046875 0.09296875
0 0.32421875 0.27421875 0.03984375 0.0953125
0 0.35078125 0.66875 0.04921875 0.09453125
0 0.36640625 0.54453125 0.04375 0.08125
0 0.3671875 0.4625 0.05 0.0796875
0 0.37890625 0.3703125 0.04453125 0.0859375
0 0.38671875 0.28046875 0.040625 0.08671875
0 0.43046875 0.6625 0.05234375 0.08125
0 0.434375 0.5609375 0.0625 0.1015625
0 0.4359375 0.4671875 0.053125 0.0890625
0 0.4421875 0.365625 0.0453125 0.0875
0 0.4453125 0.28046875 0.04453125 0.096875
0 0.50625 0.65625 0.05390625 0.09765625
0 0.503125 0.553125 0.0453125 0.103125
0 0.50234375 0.4515625 0.05078125 0.1015625
0 0.503125 0.3640625 0.05234375 0.09453125
0 0.509375 0.2796875 0.05234375 0.10625