0 0.2953125 0.0828125 0.06484375 0.1375
0 0.38046875 0.1046875 0.06640625 0.1421875
0 0.4625 0.13046875 0.059375 0.1453125
0 0.54921875 0.13125 0.06875 0.14765625
0 0.6546875 0.14296875 0.06875 0.153125
0 0.2578125 0.22578125 0.05859375 0.13671875
0 0.34453125 0.2484375 0.075 0.13125
0 0.4359375 0.2703125 0.06796875 0.1421875
0 0.5296875 0.29765625 0.065625 0.14765625
0 0.63359375 0.2984375 0.078125 0.15390625
0 0.2171875 0.3796875 0.06875 0.1375
0 0.30390625 0.38515625 0.065625 0.14765625
0 0.40546875 0.41328125 0.0703125 0.13828125
0 0.5046875 0.459375 0.0703125 0.1375
0 0.6171875 0.48046875 0.07265625 0.15859375
0 0.6015625 0.70390625 0.08203125 0.14765625
0 0.47265625 0.6671875 0.07734375 0.15703125
0 0.37109375 0.609375 0.07265625 0.1546875
0 0.2609375 0.56328125 0.07578125 0.134375
0 0.1609375 0.5375 0.08125 0.13515625