0 0.2328125 0.20625 0.05546875 0.1171875
0 0.2875 0.20703125 0.05546875 0.11875
0 0.34296875 0.21328125 0.05546875 0.103125
0 0.403125 0.209375 0.0640625 0.10703125
0 0.4671875 0.1875 0.053125 0.12265625
0 0.2109375 0.34765625 0.05 0.1109375
0 0.2625 0.3484375 0.04921875 0.096875
0 0.3125 0.35703125 0.0546875 0.1125
0 0.3703125 0.3828125 0.05625 0.12109375
0 0.4359375 0.37265625 0.04765625 0.13984375
0 0.18046875 0.50390625 0.0546875 0.103125
0 0.23046875 0.5125 0.05 0.10234375
0 0.2875 0.52265625 0.05546875 0.10625
0 0.34453125 0.56640625 0.05 0.11328125
0 0.40859375 0.57421875 0.05078125 0.1015625
0 0.1484375 0.66484375 0.05546875 0.1140625
0 0.2 0.68203125 0.04453125 0.115625
0 0.2625 0.715625 0.06328125 0.11953125
0 0.31875 0.7484375 0.0546875 0.12890625
0 0.37890625 0.77890625 0.05859375 0.11875