4 0.06015625 0.45 0.1203125 0.096875
4 0.31171875 0.509375 0.2171875 0.07578125
4 0.28046875 0.40703125 0.1765625 0.07734375
4 0.39453125 0.3484375 0.209375 0.0734375
4 0.48828125 0.29609375 0.1890625 0.0859375
4 0.48046875 0.46015625 0.19609375 0.08125
4 0.62578125 0.40546875 0.19140625 0.08828125
4 0.73828125 0.3359375 0.24296875 0.0671875
4 0.60390625 0.58671875 0.23515625 0.0890625
4 0.78125 0.52421875 0.2296875 0.0859375
4 0.909375 0.44765625 0.18125 0.08515625
4 0.96640625 0.384375 0.0671875 0.0765625