0 0.3375 0.7546875 0.05234375 0.11875
0 0.34921875 0.64375 0.0625 0.1046875
0 0.35625 0.5328125 0.05703125 0.11796875
0 0.36015625 0.4265625 0.04609375 0.10546875
0 0.4140625 0.759375 0.06796875 0.11796875
0 0.41640625 0.6453125 0.0578125 0.09765625
0 0.42109375 0.5359375 0.05234375 0.08515625
0 0.42734375 0.434375 0.05078125 0.1109375
0 0.4890625 0.7703125 0.05546875 0.14453125
0 0.4859375 0.6390625 0.05234375 0.10625
0 0.49453125 0.53671875 0.05 0.10234375
0 0.4875 0.43671875 0.04609375 0.11484375
0 0.5453125 0.4328125 0.0453125 0.11328125
0 0.615625 0.53984375 0.04921875 0.12578125
0 0.6109375 0.4390625 0.059375 0.11953125
0 0.56171875 0.7859375 0.05625 0.16015625
0 0.55546875 0.6390625 0.05390625 0.12421875
0 0.55234375 0.553125 0.0546875 0.08671875
0 0.640625 0.77109375 0.05703125 0.1296875
0 0.63359375 0.65078125 0.06328125 0.0953125