0 0.3671875 0.4703125 0.0515625 0.12734375
0 0.42421875 0.4171875 0.059375 0.1265625
0 0.4765625 0.3890625 0.04609375 0.1234375
0 0.53046875 0.3484375 0.04921875 0.11796875
0 0.5875 0.303125 0.04375 0.1203125
0 0.38203125 0.578125 0.05078125 0.1140625
0 0.4734375 0.621875 0.05625 0.1203125
0 0.446875 0.5359375 0.0453125 0.11796875
0 0.50546875 0.478125 0.0484375 0.1109375
0 0.52578125 0.575 0.05234375 0.11953125
0 0.5578125 0.440625 0.046875 0.10703125
0 0.58515625 0.5234375 0.0515625 0.12421875
0 0.6140625 0.39375 0.05234375 0.10546875
0 0.40625 0.68046875 0.0578125 0.1296875
0 0.6453125 0.4796875 0.0484375 0.11953125
0 0.42734375 0.7953125 0.05 0.1296875
0 0.49453125 0.74375 0.05078125 0.13515625
0 0.55625 0.68203125 0.0546875 0.1203125
0 0.61875 0.6484375 0.04921875 0.146875
0 0.68046875 0.5828125 0.0515625 0.12890625