4 0.315625 0.12890625 0.11015625 0.153125
4 0.45859375 0.1203125 0.10078125 0.14609375
4 0.60234375 0.10234375 0.090625 0.15390625
4 0.32109375 0.27109375 0.10859375 0.13984375
4 0.4984375 0.24453125 0.09453125 0.13828125
4 0.6484375 0.21484375 0.1015625 0.14140625
4 0.33515625 0.4328125 0.13359375 0.1703125
4 0.5125 0.40234375 0.11015625 0.15625
4 0.69140625 0.35390625 0.128125 0.13828125
4 0.29375 0.6328125 0.14140625 0.1984375
4 0.5140625 0.56875 0.134375 0.171875
4 0.7140625 0.5265625 0.15234375 0.1640625