0 0.2140625 0.85078125 0.084375 0.18671875
0 0.16484375 0.6203125 0.0984375 0.209375
0 0.11796875 0.4125 0.078125 0.19765625
0 0.07578125 0.23046875 0.08515625 0.1828125
0 0.20078125 0.16484375 0.0703125 0.1875
0 0.24375 0.32421875 0.06796875 0.16171875
0 0.29921875 0.50390625 0.07265625 0.184375
0 0.35234375 0.7125 0.08828125 0.225
0 0.303125 0.1234375 0.0765625 0.175
0 0.353125 0.2734375 0.071875 0.17578125
0 0.4078125 0.43203125 0.075 0.19296875
0 0.46875 0.61328125 0.0796875 0.20625
0 0.39453125 0.0640625 0.06484375 0.128125
0 0.48359375 0.03984375 0.05703125 0.0796875
0 0.44375 0.18671875 0.065625 0.14921875
0 0.50703125 0.33125 0.06484375 0.16484375
0 0.53671875 0.13515625 0.06328125 0.13359375
0 0.571875 0.50390625 0.07421875 0.184375
0 0.59296875 0.2671875 0.05859375 0.17421875
0 0.6625 0.4234375 0.06796875 0.21953125