4 0.06328125 0.46796875 0.1265625 0.0765625
4 0.27421875 0.52734375 0.19765625 0.0828125
4 0.24453125 0.421875 0.17734375 0.0796875
4 0.37890625 0.371875 0.178125 0.08046875
4 0.48671875 0.3171875 0.17578125 0.075
4 0.47109375 0.478125 0.19140625 0.078125
4 0.58515625 0.4125 0.1765625 0.08515625
4 0.725 0.36171875 0.18359375 0.08515625
4 0.55390625 0.59453125 0.2078125 0.090625
4 0.77578125 0.53359375 0.20859375 0.090625
4 0.88984375 0.465625 0.19375 0.07734375
4 0.95234375 0.39765625 0.0953125 0.0828125