0 0.35859375 0.45859375 0.05625 0.1265625
0 0.415625 0.378125 0.0515625 0.121875
0 0.4671875 0.31015625 0.046875 0.10703125
0 0.5140625 0.23203125 0.04921875 0.10859375
0 0.5515625 0.15703125 0.04921875 0.11171875
0 0.42734375 0.57421875 0.0546875 0.10625
0 0.48125 0.47578125 0.04765625 0.10546875
0 0.53125 0.4 0.05 0.1125
0 0.5765625 0.30390625 0.046875 0.0953125
0 0.609375 0.228125 0.0484375 0.10078125
0 0.50078125 0.65859375 0.05234375 0.11796875
0 0.55390625 0.55859375 0.06484375 0.109375
0 0.59296875 0.48046875 0.0484375 0.11484375
0 0.6265625 0.38515625 0.0484375 0.09921875
0 0.66640625 0.309375 0.053125 0.1046875
0 0.5765625 0.77578125 0.0609375 0.15
0 0.62890625 0.65859375 0.059375 0.12265625
0 0.66875 0.56015625 0.06171875 0.11015625
0 0.70390625 0.46015625 0.05625 0.11875
0 0.74140625 0.3828125 0.053125 0.11640625