0 0.14453125 0.23828125 0.08046875 0.1640625
0 0.2578125 0.17421875 0.0765625 0.15625
0 0.3578125 0.16796875 0.0671875 0.1421875
0 0.44765625 0.10546875 0.06875 0.15625
0 0.17265625 0.3890625 0.09375 0.17734375
0 0.29375 0.3328125 0.0921875 0.175
0 0.39765625 0.29609375 0.0734375 0.178125
0 0.49140625 0.240625 0.071875 0.1578125
0 0.5359375 0.0796875 0.08203125 0.146875
0 0.5875 0.20234375 0.07109375 0.14765625
0 0.196875 0.5953125 0.08046875 0.1828125
0 0.3296875 0.515625 0.08671875 0.1765625
0 0.44296875 0.465625 0.08828125 0.1921875
0 0.5421875 0.39609375 0.078125 0.17890625
0 0.63828125 0.3375 0.0796875 0.17265625
0 0.22421875 0.8453125 0.0859375 0.190625
0 0.3765625 0.72421875 0.08671875 0.19375
0 0.49296875 0.6453125 0.08828125 0.18671875
0 0.60234375 0.5734375 0.08671875 0.17890625
0 0.70625 0.50390625 0.07265625 0.18125