0 0.28828125 0.17421875 0.06015625 0.1328125
0 0.33046875 0.0765625 0.053125 0.11875
0 0.37109375 0.18671875 0.0703125 0.12421875
0 0.4046875 0.09375 0.059375 0.13671875
0 0.45625 0.21328125 0.0765625 0.1421875
0 0.48203125 0.0984375 0.0609375 0.13515625
0 0.53984375 0.23984375 0.065625 0.1484375
0 0.565625 0.1234375 0.0625 0.1359375
0 0.25234375 0.28515625 0.0765625 0.16015625
0 0.33359375 0.31328125 0.065625 0.128125
0 0.4203125 0.34375 0.0671875 0.1578125
0 0.51953125 0.37109375 0.084375 0.153125
0 0.2015625 0.4 0.0875 0.1484375
0 0.2875 0.396875 0.0828125 0.12265625
0 0.3796875 0.46640625 0.0765625 0.146875
0 0.490625 0.49765625 0.08359375 0.14453125
0 0.1328125 0.55546875 0.07890625 0.14296875
0 0.23125 0.58984375 0.08046875 0.16328125
0 0.33984375 0.64140625 0.08515625 0.171875
0 0.45078125 0.69375 0.0796875 0.16875