0 0.27890625 0.70078125 0.065625 0.0921875
0 0.29453125 0.59453125 0.0546875 0.10390625
0 0.3109375 0.49765625 0.053125 0.084375
0 0.328125 0.4046875 0.0484375 0.08359375
0 0.36484375 0.703125 0.06640625 0.096875
0 0.37421875 0.59765625 0.05703125 0.0984375
0 0.38515625 0.5140625 0.05703125 0.0953125
0 0.39609375 0.4140625 0.0515625 0.096875
0 0.4421875 0.72265625 0.06484375 0.09609375
0 0.44453125 0.625 0.053125 0.11015625
0 0.4546875 0.52734375 0.04140625 0.1046875
0 0.46015625 0.43046875 0.04453125 0.1125
0 0.51796875 0.73515625 0.05546875 0.1125
0 0.5171875 0.6109375 0.0578125 0.10703125
0 0.5203125 0.5078125 0.05234375 0.0921875
0 0.52265625 0.42734375 0.059375 0.1015625
0 0.59765625 0.73203125 0.06953125 0.12265625
0 0.59140625 0.61640625 0.05859375 0.109375
0 0.5875 0.51875 0.053125 0.1015625
0 0.58359375 0.43984375 0.04453125 0.1046875