4 0.31953125 0.1859375 0.09140625 0.14140625
4 0.4546875 0.18125 0.10234375 0.13828125
4 0.57578125 0.3046875 0.09453125 0.15
4 0.5859375 0.1796875 0.0875 0.134375
4 0.27265625 0.2921875 0.09375 0.16328125
4 0.4296875 0.30078125 0.08359375 0.1484375
4 0.2703125 0.4546875 0.1171875 0.15078125
4 0.4453125 0.45703125 0.11328125 0.1453125
4 0.60078125 0.43125 0.11484375 0.13046875
4 0.2515625 0.6328125 0.1203125 0.1859375
4 0.459375 0.621875 0.10546875 0.18828125
4 0.6421875 0.6015625 0.1078125 0.1859375