4 0.16171875 0.6859375 0.16875 0.24296875
4 0.26640625 0.44140625 0.128125 0.26171875
4 0.28984375 0.26640625 0.103125 0.1890625
4 0.29765625 0.12265625 0.11640625 0.15078125
4 0.5015625 0.2671875 0.11640625 0.17890625
4 0.48515625 0.13671875 0.1125 0.15234375
4 0.51640625 0.4765625 0.1234375 0.20546875
4 0.47421875 0.66953125 0.1296875 0.25390625
4 0.65546875 0.14765625 0.1125 0.14765625
4 0.70546875 0.27421875 0.12421875 0.2046875
4 0.7390625 0.45234375 0.1078125 0.22265625
4 0.7640625 0.67265625 0.171875 0.221875