0 0.35234375 0.740625 0.0671875 0.1015625
0 0.38671875 0.6625 0.06015625 0.103125
0 0.4125 0.5921875 0.0390625 0.0890625
0 0.43828125 0.53046875 0.0375 0.08515625
0 0.41015625 0.77265625 0.0546875 0.08984375
0 0.434375 0.6953125 0.04609375 0.09296875
0 0.4609375 0.62578125 0.04375 0.084375
0 0.4890625 0.5625 0.040625 0.0890625
0 0.46015625 0.81953125 0.05078125 0.08359375
0 0.4828125 0.7421875 0.05390625 0.09609375
0 0.50703125 0.6734375 0.0453125 0.09296875
0 0.5265625 0.59609375 0.03828125 0.07421875
0 0.51953125 0.84375 0.06015625 0.0890625
0 0.54140625 0.76796875 0.0625 0.1
0 0.55859375 0.6921875 0.05234375 0.0875
0 0.58203125 0.6203125 0.0484375 0.06875
0 0.5828125 0.8953125 0.05078125 0.09765625
0 0.6015625 0.79921875 0.0546875 0.1078125
0 0.615625 0.7125 0.05078125 0.084375
0 0.63203125 0.66015625 0.04140625 0.08359375