4 0.2546875 0.61171875 0.140625 0.18203125
4 0.2671875 0.44765625 0.12265625 0.18046875
4 0.26640625 0.30078125 0.1125 0.16953125
4 0.303125 0.1765625 0.08828125 0.1390625
4 0.453125 0.60078125 0.125 0.165625
4 0.43671875 0.44921875 0.1109375 0.1625
4 0.42109375 0.315625 0.0890625 0.134375
4 0.446875 0.190625 0.0828125 0.1453125
4 0.56640625 0.29453125 0.08359375 0.14140625
4 0.584375 0.178125 0.078125 0.1265625
4 0.59140625 0.43125 0.08671875 0.159375
4 0.63984375 0.5921875 0.1046875 0.18671875