4 0.290625 0.57109375 0.20078125 0.090625
4 0.1984375 0.47890625 0.2140625 0.090625
4 0.103125 0.39453125 0.159375 0.0875
4 0.28828125 0.36796875 0.16015625 0.07734375
4 0.3796875 0.43984375 0.18828125 0.0875
4 0.4390625 0.33671875 0.1953125 0.075
4 0.51328125 0.51953125 0.21796875 0.09453125
4 0.56015625 0.42578125 0.20078125 0.08515625
4 0.60546875 0.31015625 0.196875 0.07734375
4 0.67421875 0.49375 0.190625 0.096875
4 0.7671875 0.38984375 0.2109375 0.084375
4 0.8875 0.48125 0.1890625 0.0921875