4 0.47421875 0.78125 0.1359375 0.22578125
4 0.584375 0.69296875 0.08671875 0.19765625
4 0.6359375 0.5078125 0.08984375 0.23359375
4 0.68046875 0.34453125 0.10078125 0.19765625
4 0.565625 0.20078125 0.09140625 0.14453125
4 0.50078125 0.3375 0.06875 0.18671875
4 0.42734375 0.4921875 0.08515625 0.14921875
4 0.3265625 0.6234375 0.10390625 0.15546875
4 0.31171875 0.33359375 0.0765625 0.1609375
4 0.2 0.41171875 0.07421875 0.19453125
4 0.38828125 0.21015625 0.07421875 0.11875
4 0.44453125 0.09296875 0.07109375 0.12734375