0 0.29140625 0.315625 0.053125 0.11171875
0 0.35078125 0.428125 0.05703125 0.10859375
0 0.3625 0.325 0.053125 0.1203125
0 0.415625 0.44296875 0.05234375 0.1265625
0 0.41875 0.32421875 0.04921875 0.10625
0 0.47890625 0.33671875 0.05703125 0.11640625
0 0.54609375 0.33515625 0.04765625 0.12421875
0 0.2828125 0.41484375 0.0625 0.12265625
0 0.4796875 0.43515625 0.04921875 0.1109375
0 0.55078125 0.42578125 0.06328125 0.1328125
0 0.271875 0.52734375 0.0546875 0.13203125
0 0.34453125 0.5328125 0.065625 0.1328125
0 0.4140625 0.54140625 0.05859375 0.10703125
0 0.48203125 0.54453125 0.05625 0.12890625
0 0.5640625 0.66328125 0.065625 0.12890625
0 0.5546875 0.5453125 0.0578125 0.1046875
0 0.48359375 0.66328125 0.06328125 0.12109375
0 0.41484375 0.6546875 0.0640625 0.11953125
0 0.33828125 0.65078125 0.05703125 0.115625
0 0.25859375 0.65 0.0609375 0.12734375