0 0.340625 0.4375 0.06328125 0.1
0 0.38125 0.31796875 0.0515625 0.11171875
0 0.4125 0.21875 0.053125 0.1203125
0 0.4421875 0.12578125 0.0578125 0.1046875
0 0.3015625 0.54453125 0.084375 0.134375
0 0.3796875 0.60234375 0.06640625 0.121875
0 0.42265625 0.48203125 0.06484375 0.1203125
0 0.4453125 0.378125 0.0796875 0.12265625
0 0.48203125 0.27734375 0.06875 0.11484375
0 0.5078125 0.16796875 0.065625 0.11640625
0 0.46796875 0.659375 0.0734375 0.15546875
0 0.509375 0.52890625 0.0796875 0.13359375
0 0.528125 0.434375 0.06875 0.1203125
0 0.5515625 0.31171875 0.06796875 0.1328125
0 0.57578125 0.1890625 0.0546875 0.10390625
0 0.54921875 0.73203125 0.0765625 0.15234375
0 0.58359375 0.571875 0.0640625 0.15703125
0 0.6078125 0.43359375 0.06328125 0.1421875
0 0.6265625 0.31796875 0.0546875 0.1171875
0 0.64765625 0.209375 0.05234375 0.12890625