0 0.275 0.44765625 0.05390625 0.09296875
0 0.30703125 0.3546875 0.0484375 0.10390625
0 0.3359375 0.25625 0.046875 0.096875
0 0.3609375 0.17578125 0.040625 0.10546875
0 0.34375 0.49296875 0.04765625 0.10703125
0 0.371875 0.38984375 0.05 0.125
0 0.39765625 0.28828125 0.05234375 0.1015625
0 0.42265625 0.2109375 0.0484375 0.1
0 0.40859375 0.546875 0.05390625 0.1171875
0 0.4359375 0.440625 0.04375 0.1234375
0 0.45625 0.35 0.04453125 0.11015625
0 0.4734375 0.259375 0.03984375 0.10859375
0 0.47734375 0.57578125 0.05 0.11015625
0 0.5015625 0.46640625 0.05 0.125
0 0.5203125 0.35859375 0.04765625 0.10078125
0 0.53828125 0.27890625 0.04921875 0.10390625
0 0.553125 0.61015625 0.04921875 0.125
0 0.56953125 0.503125 0.0421875 0.0953125
0 0.58671875 0.3984375 0.0453125 0.10859375
0 0.59765625 0.3046875 0.04375 0.11796875