4 0.1125 0.4125 0.22421875 0.1015625
4 0.1203125 0.32578125 0.240625 0.0890625
4 0.13359375 0.24453125 0.2671875 0.08203125
4 0.228125 0.1671875 0.234375 0.09375
4 0.52421875 0.396875 0.271875 0.09921875
4 0.53984375 0.30390625 0.2953125 0.1046875
4 0.48046875 0.2296875 0.29453125 0.09140625
4 0.5484375 0.15078125 0.24375 0.0796875
4 0.903125 0.38203125 0.18984375 0.125
4 0.86328125 0.28046875 0.23671875 0.09296875
4 0.8359375 0.18671875 0.26015625 0.09453125
4 0.8953125 0.1421875 0.20859375 0.09140625