0 0.1265625 0.5859375 0.078125 0.10859375
0 0.18359375 0.43671875 0.07578125 0.15859375
0 0.23046875 0.31796875 0.06875 0.134375
0 0.26953125 0.190625 0.05625 0.1625
0 0.30703125 0.10234375 0.06640625 0.1046875
0 0.34921875 0.21328125 0.0625 0.12578125
0 0.38515625 0.11171875 0.05625 0.1078125
0 0.31484375 0.340625 0.06796875 0.12421875
0 0.2703125 0.478125 0.07421875 0.13203125
0 0.21875 0.64609375 0.07109375 0.175
0 0.32265625 0.65703125 0.06875 0.175
0 0.43671875 0.70625 0.08359375 0.15390625
0 0.3765625 0.48984375 0.0640625 0.134375
0 0.40546875 0.37265625 0.0609375 0.15078125
0 0.4296875 0.228125 0.0453125 0.13984375
0 0.4609375 0.125 0.0609375 0.12421875
0 0.49453125 0.37890625 0.06015625 0.15234375
0 0.52578125 0.25546875 0.0734375 0.10234375
0 0.54453125 0.13828125 0.07421875 0.10625
0 0.475 0.51953125 0.06953125 0.15