0 0.26796875 0.21015625 0.059375 0.125
0 0.30625 0.10390625 0.0578125 0.11953125
0 0.35703125 0.24140625 0.06640625 0.1328125
0 0.38359375 0.1234375 0.05546875 0.1203125
0 0.428125 0.2359375 0.05859375 0.13984375
0 0.46015625 0.128125 0.05703125 0.11875
0 0.521875 0.2515625 0.0671875 0.1359375
0 0.53828125 0.14609375 0.059375 0.121875
0 0.23125 0.33515625 0.07265625 0.1328125
0 0.321875 0.353125 0.0828125 0.1453125
0 0.38125 0.49296875 0.08359375 0.1640625
0 0.41171875 0.3734375 0.0625 0.11484375
0 0.48046875 0.515625 0.084375 0.15390625
0 0.496875 0.38515625 0.07578125 0.1296875
0 0.178125 0.4421875 0.0828125 0.15703125
0 0.2734375 0.46796875 0.07890625 0.15390625
0 0.12109375 0.5984375 0.084375 0.14921875
0 0.2234375 0.6328125 0.0828125 0.13828125
0 0.3296875 0.6546875 0.084375 0.1515625
0 0.44609375 0.6890625 0.09375 0.1640625