4 0.2 0.340625 0.13203125 0.1375
4 0.146875 0.50390625 0.12421875 0.171875
4 0.07578125 0.75 0.13828125 0.16875
4 0.3421875 0.33125 0.0953125 0.11796875
4 0.3125 0.50703125 0.11484375 0.1375
4 0.2890625 0.73828125 0.13046875 0.15703125
4 0.4671875 0.33828125 0.08046875 0.1171875
4 0.46484375 0.5171875 0.1015625 0.134375
4 0.4625 0.7453125 0.115625 0.14765625
4 0.58671875 0.3390625 0.08046875 0.11484375
4 0.60546875 0.5 0.0921875 0.12578125
4 0.63828125 0.72421875 0.11328125 0.14375
4 0.7203125 0.33125 0.0828125 0.115625
4 0.76171875 0.49609375 0.10703125 0.12265625
4 0.82109375 0.7140625 0.11171875 0.153125