1 0.34765625 0.815625 0.2 0.1578125
1 0.56875 0.73359375 0.1421875 0.14140625
1 0.7625 0.6828125 0.13359375 0.11484375
1 0.29375 0.65 0.1796875 0.14296875
1 0.53125 0.5875 0.17109375 0.11484375
1 0.7421875 0.55390625 0.1125 0.12265625
1 0.26328125 0.50546875 0.17734375 0.128125
1 0.509375 0.46875 0.1578125 0.11171875
1 0.7078125 0.42890625 0.1484375 0.10390625
1 0.7015625 0.3125 0.15625 0.1125
1 0.678125 0.159375 0.1734375 0.1375
1 0.440625 0.14609375 0.18203125 0.1421875
1 0.48671875 0.31875 0.16953125 0.14375
1 0.22578125 0.334375 0.190625 0.13671875
1 0.17734375 0.13203125 0.17109375 0.15390625