4 0.175 0.2359375 0.12578125 0.1890625
4 0.34453125 0.2421875 0.13671875 0.21171875
4 0.47890625 0.25390625 0.1125 0.190625
4 0.609375 0.2625 0.11875 0.178125
4 0.775 0.24453125 0.103125 0.17578125
4 0.16484375 0.50078125 0.109375 0.20859375
4 0.3359375 0.50546875 0.11171875 0.18125
4 0.47734375 0.50703125 0.1046875 0.17734375
4 0.61484375 0.5125 0.115625 0.20078125
4 0.77109375 0.50078125 0.10703125 0.18984375
4 0.14296875 0.7703125 0.11328125 0.2
4 0.31953125 0.76796875 0.10703125 0.18984375
4 0.47421875 0.75859375 0.10390625 0.17734375
4 0.61484375 0.7640625 0.10390625 0.19765625
4 0.78203125 0.759375 0.10546875 0.19453125