0 0.178125 0.203125 0.115625 0.14296875
0 0.1984375 0.3921875 0.103125 0.125
0 0.18359375 0.58046875 0.11015625 0.16484375
0 0.171875 0.7984375 0.090625 0.1125
0 0.33203125 0.21015625 0.0984375 0.1234375
0 0.353125 0.39765625 0.13125 0.1234375
0 0.34296875 0.57578125 0.0890625 0.134375
0 0.32890625 0.771875 0.0890625 0.14765625
0 0.47890625 0.2046875 0.1046875 0.14296875
0 0.4859375 0.39765625 0.1015625 0.13125
0 0.4921875 0.575 0.1015625 0.153125
0 0.4703125 0.7515625 0.09296875 0.17265625
0 0.6203125 0.2015625 0.10234375 0.1359375
0 0.62265625 0.3921875 0.1046875 0.125
0 0.62265625 0.5671875 0.090625 0.1546875
0 0.63125 0.76875 0.12734375 0.14140625
0 0.77421875 0.1984375 0.08515625 0.1328125
0 0.784375 0.39453125 0.11484375 0.1375
0 0.765625 0.5765625 0.10859375 0.16015625
0 0.78203125 0.77890625 0.096875 0.15390625