4 0.53359375 0.44140625 0.11015625 0.1296875
5 0.57109375 0.3 0.015625 0.0046875
4 0.1890625 0.47734375 0.11484375 0.13515625
4 0.325 0.37890625 0.1109375 0.13125
4 0.42734375 0.3171875 0.10390625 0.13203125
4 0.51640625 0.228125 0.08828125 0.1171875
4 0.6140625 0.17421875 0.09296875 0.103125
4 0.2828125 0.64140625 0.1234375 0.14453125
4 0.41875 0.528125 0.11171875 0.13671875
4 0.6328125 0.35546875 0.11328125 0.128125
4 0.7265625 0.27734375 0.0984375 0.11328125
4 0.403125 0.8890625 0.13125 0.1734375
4 0.55859375 0.715625 0.134375 0.153125
4 0.66875 0.615625 0.11484375 0.1390625
4 0.77734375 0.50234375 0.12890625 0.13515625
4 0.865625 0.38828125 0.12421875 0.134375