0 0.07265625 0.66015625 0.13828125 0.16171875
0 0.284375 0.64296875 0.13671875 0.15625
0 0.48046875 0.64609375 0.12265625 0.14609375
0 0.67578125 0.63671875 0.16640625 0.1484375
0 0.8796875 0.6171875 0.14296875 0.14375
0 0.1265625 0.42890625 0.12734375 0.16484375
0 0.15859375 0.26015625 0.10078125 0.13984375
0 0.18203125 0.1109375 0.10390625 0.14140625
0 0.33671875 0.11328125 0.0984375 0.14609375
0 0.32265625 0.26171875 0.11015625 0.15234375
0 0.31171875 0.43046875 0.1265625 0.1609375
0 0.48125 0.10546875 0.1109375 0.12578125
0 0.48203125 0.24921875 0.12890625 0.16015625
0 0.4796875 0.4296875 0.11171875 0.16328125
0 0.62421875 0.10234375 0.10390625 0.12421875
0 0.63515625 0.2484375 0.09453125 0.12578125
0 0.6609375 0.41484375 0.11171875 0.16640625
0 0.83359375 0.409375 0.10625 0.16015625
0 0.79765625 0.2390625 0.1171875 0.14453125
0 0.7671875 0.09375 0.090625 0.13203125