4 0.0953125 0.575 0.13046875 0.165625
4 0.19609375 0.3734375 0.1203125 0.15
4 0.2796875 0.2125 0.09921875 0.128125
4 0.24609375 0.62734375 0.1296875 0.1375
4 0.33203125 0.41328125 0.10390625 0.14609375
4 0.40625 0.2578125 0.11484375 0.11953125
4 0.3953125 0.690625 0.11875 0.18046875
4 0.46171875 0.46796875 0.1015625 0.15234375
4 0.525 0.29765625 0.10234375 0.16484375
4 0.64296875 0.3296875 0.1015625 0.13359375
4 0.59375 0.50078125 0.10859375 0.146875
4 0.5421875 0.75234375 0.12421875 0.1578125
4 0.72109375 0.82734375 0.1453125 0.190625
4 0.75703125 0.56484375 0.109375 0.1421875
4 0.7875 0.35703125 0.10859375 0.12578125