2 0.14296875 0.55390625 0.20859375 0.12265625
2 0.17734375 0.2984375 0.1734375 0.12421875
2 0.14921875 0.42265625 0.1859375 0.1171875
2 0.9046875 0.55078125 0.17578125 0.11640625
2 0.86875 0.41953125 0.17421875 0.13203125
2 0.825 0.3078125 0.18984375 0.11171875
2 0.6609375 0.3140625 0.14609375 0.11171875
2 0.671875 0.42109375 0.140625 0.0984375
2 0.7125 0.54921875 0.18125 0.125
2 0.53046875 0.55625 0.178125 0.11171875
2 0.490625 0.42265625 0.153125 0.1140625
2 0.4953125 0.30390625 0.14296875 0.1265625
2 0.33359375 0.30234375 0.14453125 0.1234375
2 0.346875 0.421875 0.15703125 0.10546875
2 0.32109375 0.55546875 0.14140625 0.12578125