4 0.2078125 0.51171875 0.21875 0.115625
4 0.215625 0.38359375 0.2078125 0.09921875
4 0.24765625 0.27265625 0.21484375 0.13203125
4 0.5125 0.26171875 0.2109375 0.1375
4 0.7765625 0.2515625 0.19765625 0.12109375
4 0.54375 0.65 0.27421875 0.11875
4 0.50625 0.4984375 0.21328125 0.11953125
4 0.48671875 0.3875 0.18046875 0.10703125
4 0.8421875 0.4890625 0.2171875 0.12265625
4 0.7859375 0.36328125 0.21953125 0.10546875
4 0.2171875 0.65 0.265625 0.1265625
4 0.86640625 0.625 0.22421875 0.134375
4 0.203125 0.83046875 0.27890625 0.1328125
4 0.56796875 0.8171875 0.2453125 0.14375
4 0.87890625 0.8 0.2421875 0.1515625