3 0.1765625 0.7171875 0.07421875 0.134375
3 0.1796875 0.56484375 0.075 0.1203125
3 0.190625 0.41328125 0.08359375 0.11328125
3 0.1875 0.24765625 0.07734375 0.1203125
3 0.309375 0.26328125 0.08984375 0.11640625
3 0.30625 0.41171875 0.08046875 0.11875
3 0.30078125 0.56328125 0.0734375 0.12578125
3 0.30078125 0.7109375 0.0859375 0.11328125
3 0.4171875 0.2828125 0.07109375 0.11953125
3 0.41015625 0.42109375 0.07265625 0.11328125
3 0.41171875 0.56875 0.06953125 0.1078125
3 0.409375 0.69765625 0.06875 0.11015625
3 0.52265625 0.2859375 0.065625 0.14140625
3 0.51875 0.43515625 0.07109375 0.10625
3 0.5140625 0.57109375 0.08046875 0.10390625
3 0.5015625 0.68984375 0.06484375 0.11640625
3 0.6046875 0.303125 0.06171875 0.1265625
3 0.6125 0.43515625 0.06484375 0.10625
3 0.6 0.5609375 0.05234375 0.1171875
3 0.6015625 0.68984375 0.0578125 0.09921875