3 0.26328125 0.2484375 0.0828125 0.1328125
3 0.26171875 0.39921875 0.0890625 0.11796875
3 0.2578125 0.5546875 0.08984375 0.13359375
3 0.253125 0.72265625 0.090625 0.1234375
3 0.3875 0.2453125 0.08046875 0.11484375
3 0.384375 0.415625 0.09375 0.1140625
3 0.3796875 0.56875 0.1 0.11171875
3 0.371875 0.725 0.08125 0.11171875
3 0.51015625 0.259375 0.0921875 0.12109375
3 0.50546875 0.4234375 0.0875 0.1046875
3 0.509375 0.58203125 0.08984375 0.11796875
3 0.49296875 0.73515625 0.08515625 0.12421875
3 0.63828125 0.259375 0.09140625 0.1140625
3 0.6296875 0.42421875 0.09609375 0.12734375
3 0.62734375 0.58828125 0.09375 0.121875
3 0.628125 0.75390625 0.10625 0.1203125
3 0.76875 0.26640625 0.0875 0.12734375
3 0.77109375 0.4234375 0.09375 0.1046875
3 0.765625 0.5890625 0.08359375 0.13515625
3 0.76328125 0.7640625 0.10078125 0.1109375