3 0.23046875 0.39609375 0.08984375 0.0609375
3 0.23046875 0.321875 0.08046875 0.06484375
3 0.23203125 0.24296875 0.0734375 0.07890625
3 0.2359375 0.15859375 0.0953125 0.07890625
3 0.221875 0.728125 0.09375 0.0765625
3 0.221875 0.6484375 0.0890625 0.06171875
3 0.2234375 0.57109375 0.08203125 0.06640625
3 0.22265625 0.49375 0.10078125 0.06796875
3 0.33984375 0.7265625 0.090625 0.08046875
3 0.3328125 0.6453125 0.0765625 0.05859375
3 0.33984375 0.57109375 0.1 0.06328125
3 0.34140625 0.49453125 0.08359375 0.06640625
3 0.3421875 0.40703125 0.07421875 0.0546875
3 0.34765625 0.32734375 0.075 0.07265625
3 0.35078125 0.24765625 0.08125 0.0765625
3 0.34453125 0.16171875 0.078125 0.07265625
3 0.44140625 0.71875 0.075 0.0578125
3 0.4375 0.6484375 0.0671875 0.06484375
3 0.446875 0.575 0.0859375 0.07421875
3 0.446875 0.49921875 0.090625 0.06328125
3 0.44765625 0.41015625 0.0765625 0.0578125
3 0.453125 0.3328125 0.0609375 0.075
3 0.45546875 0.25234375 0.08125 0.0578125
3 0.44609375 0.17578125 0.07890625 0.0578125
3 0.54609375 0.71484375 0.0796875 0.0625
3 0.54140625 0.64375 0.0921875 0.0609375
3 0.5421875 0.5703125 0.0671875 0.0546875
3 0.5421875 0.49375 0.078125 0.0734375
3 0.5578125 0.4140625 0.07265625 0.05859375
3 0.5546875 0.3375 0.06640625 0.071875
3 0.553125 0.259375 0.078125 0.06171875
3 0.55625 0.1859375 0.084375 0.0625
3 0.64296875 0.71171875 0.08125 0.059375
3 0.6421875 0.64765625 0.0796875 0.06328125
3 0.646875 0.57109375 0.08984375 0.059375
3 0.65 0.50390625 0.0796875 0.07265625
3 0.65234375 0.41640625 0.0796875 0.0546875
3 0.65234375 0.3484375 0.0796875 0.0625
3 0.65625 0.2703125 0.071875 0.0625
3 0.66640625 0.19453125 0.096875 0.07265625