4 0.13125 0.16328125 0.225 0.15390625
4 0.48125 0.15703125 0.246875 0.1640625
4 0.8328125 0.140625 0.221875 0.175
4 0.14609375 0.334375 0.23359375 0.140625
4 0.4421875 0.33046875 0.190625 0.14453125
4 0.7875 0.31875 0.225 0.11796875
4 0.13125 0.4875 0.17890625 0.13359375
4 0.44765625 0.5046875 0.196875 0.12109375
4 0.815625 0.49609375 0.21875 0.13203125
4 0.13125 0.65234375 0.2046875 0.14375
4 0.44375 0.6609375 0.19296875 0.13671875
4 0.7953125 0.6625 0.2140625 0.13984375
4 0.13515625 0.80078125 0.18046875 0.11640625
4 0.45234375 0.82578125 0.1953125 0.1625
4 0.75703125 0.8328125 0.24140625 0.15234375