3 0.25546875 0.315625 0.09140625 0.11796875
3 0.2734375 0.4625 0.09921875 0.12421875
3 0.28046875 0.60078125 0.08203125 0.12109375
3 0.284375 0.740625 0.09609375 0.13046875
3 0.375 0.30390625 0.09296875 0.11171875
3 0.37890625 0.43984375 0.0921875 0.09921875
3 0.396875 0.5921875 0.08671875 0.1046875
3 0.3953125 0.73515625 0.096875 0.11171875
3 0.48203125 0.29609375 0.09453125 0.13359375
3 0.4859375 0.434375 0.075 0.1265625
3 0.50546875 0.57265625 0.0765625 0.09375
3 0.509375 0.71953125 0.08125 0.09296875
3 0.58671875 0.29296875 0.0875 0.11015625
3 0.60703125 0.428125 0.09453125 0.11328125
3 0.60390625 0.565625 0.08515625 0.09765625
3 0.61796875 0.70625 0.075 0.11640625
3 0.70390625 0.29375 0.09765625 0.11171875
3 0.7015625 0.40703125 0.07421875 0.1015625
3 0.7140625 0.55859375 0.0703125 0.12109375
3 0.72421875 0.69375 0.09765625 0.1203125