4 0.2078125 0.77578125 0.221875 0.14765625
4 0.22265625 0.61171875 0.2 0.121875
4 0.24140625 0.490625 0.1640625 0.12109375
4 0.25859375 0.3859375 0.14140625 0.11875
4 0.265625 0.2921875 0.1609375 0.09921875
4 0.5453125 0.76796875 0.209375 0.14765625
4 0.546875 0.6109375 0.1859375 0.13046875
4 0.528125 0.48203125 0.20625 0.13515625
4 0.5125 0.371875 0.1640625 0.10234375
4 0.4953125 0.28125 0.15625 0.09296875
4 0.75234375 0.27109375 0.1546875 0.1109375
4 0.89609375 0.75234375 0.2078125 0.14453125
4 0.8703125 0.5953125 0.18125 0.1359375
4 0.82421875 0.46953125 0.1984375 0.11875
4 0.7890625 0.35625 0.16484375 0.10625