3 0.2859375 0.246875 0.0875 0.12578125
3 0.2875 0.3953125 0.09609375 0.14453125
3 0.28203125 0.56171875 0.09140625 0.11875
3 0.2765625 0.70859375 0.08671875 0.12109375
3 0.41796875 0.24375 0.09453125 0.11171875
3 0.4140625 0.4140625 0.0828125 0.13125
3 0.40703125 0.57109375 0.09140625 0.1296875
3 0.3984375 0.73828125 0.07421875 0.14609375
3 0.540625 0.25859375 0.1046875 0.125
3 0.53203125 0.42421875 0.08203125 0.12734375
3 0.52734375 0.58984375 0.08125 0.125
3 0.5265625 0.73828125 0.084375 0.11796875
3 0.659375 0.2609375 0.08671875 0.12109375
3 0.65859375 0.42578125 0.0953125 0.1140625
3 0.65859375 0.58671875 0.08125 0.13125
3 0.64609375 0.75234375 0.0828125 0.128125
3 0.79609375 0.26640625 0.0828125 0.10703125
3 0.7921875 0.434375 0.07421875 0.1171875
3 0.79609375 0.59765625 0.08515625 0.1234375
3 0.7890625 0.76875 0.08046875 0.14453125