4 0.1984375 0.1625 0.14609375 0.125
4 0.52734375 0.16796875 0.15 0.13671875
4 0.8 0.18359375 0.14609375 0.115625
4 0.17734375 0.30390625 0.17265625 0.1171875
4 0.496875 0.32421875 0.1453125 0.115625
4 0.79765625 0.334375 0.15 0.11015625
4 0.19453125 0.4625 0.16484375 0.115625
4 0.5015625 0.47109375 0.16171875 0.1125
4 0.78203125 0.48125 0.16640625 0.10703125
4 0.17421875 0.6125 0.159375 0.109375
4 0.4875 0.6140625 0.16015625 0.10703125
4 0.775 0.625 0.16015625 0.103125
4 0.18671875 0.753125 0.184375 0.12421875
4 0.50234375 0.76015625 0.17578125 0.11796875
4 0.77890625 0.76171875 0.153125 0.1109375