3 0.23046875 0.23359375 0.10390625 0.1375
3 0.35546875 0.234375 0.10859375 0.1390625
3 0.475 0.225 0.0921875 0.13984375
3 0.60234375 0.21796875 0.1015625 0.15
3 0.7375 0.20625 0.0984375 0.13984375
3 0.2359375 0.38828125 0.0890625 0.1390625
3 0.36015625 0.37578125 0.09765625 0.1296875
3 0.47421875 0.38203125 0.08515625 0.1328125
3 0.6046875 0.37265625 0.096875 0.13515625
3 0.7328125 0.36875 0.09609375 0.14375
3 0.23359375 0.5328125 0.09921875 0.12265625
3 0.36015625 0.54609375 0.090625 0.1328125
3 0.48359375 0.53359375 0.09609375 0.125
3 0.60234375 0.5296875 0.0953125 0.13671875
3 0.7265625 0.5328125 0.1 0.14375
3 0.25078125 0.68828125 0.090625 0.1359375
3 0.3703125 0.684375 0.10390625 0.13359375
3 0.4921875 0.684375 0.0921875 0.1328125
3 0.6125 0.68125 0.0984375 0.13203125
3 0.73359375 0.68828125 0.09453125 0.1296875