3 0.28671875 0.40078125 0.11875 0.0890625
3 0.26875 0.50703125 0.125 0.09140625
3 0.25703125 0.621875 0.153125 0.0953125
3 0.23125 0.75078125 0.12890625 0.09765625
3 0.21484375 0.90390625 0.1578125 0.10703125
3 0.43515625 0.403125 0.125 0.08671875
3 0.4203125 0.5125 0.13125 0.0796875
3 0.4109375 0.61953125 0.1234375 0.08203125
3 0.40625 0.75078125 0.1546875 0.09765625
3 0.4140625 0.9015625 0.16015625 0.13359375
3 0.58515625 0.39921875 0.1171875 0.0703125
3 0.57890625 0.5140625 0.13515625 0.08984375
3 0.5703125 0.6265625 0.1140625 0.09609375
3 0.58125 0.75546875 0.14609375 0.10390625
3 0.5875 0.91171875 0.16328125 0.13828125
3 0.7265625 0.4015625 0.10234375 0.06796875
3 0.7328125 0.51171875 0.11484375 0.078125
3 0.746875 0.6296875 0.1234375 0.08671875
3 0.75546875 0.75859375 0.11875 0.0875
3 0.76640625 0.90703125 0.1515625 0.134375