3 0.22578125 0.415625 0.08125 0.08046875
3 0.2296875 0.328125 0.0828125 0.07734375
3 0.228125 0.2484375 0.08125 0.08671875
3 0.23515625 0.1703125 0.1046875 0.08671875
3 0.21484375 0.73984375 0.0796875 0.07578125
3 0.21171875 0.6640625 0.0890625 0.06484375
3 0.2125 0.58828125 0.09140625 0.075
3 0.21953125 0.5109375 0.09453125 0.07109375
3 0.33515625 0.40703125 0.0921875 0.0828125
3 0.34296875 0.33984375 0.096875 0.0765625
3 0.34296875 0.26171875 0.10625 0.08515625
3 0.3375 0.17578125 0.09609375 0.06640625
3 0.3375 0.50546875 0.0796875 0.07265625
3 0.33125 0.74375 0.08359375 0.0734375
3 0.33046875 0.66328125 0.071875 0.07890625
3 0.3328125 0.58515625 0.084375 0.07265625
3 0.4359375 0.41796875 0.07421875 0.06953125
3 0.44765625 0.3390625 0.0765625 0.06484375
3 0.44140625 0.2671875 0.075 0.071875
3 0.44765625 0.1859375 0.11796875 0.08125
3 0.43984375 0.58515625 0.0921875 0.07890625
3 0.44453125 0.51015625 0.0859375 0.06640625
3 0.43984375 0.74296875 0.07109375 0.08203125
3 0.440625 0.6625 0.0734375 0.08359375
3 0.546875 0.73515625 0.08203125 0.08203125
3 0.5453125 0.6515625 0.06875 0.07109375
3 0.5359375 0.58203125 0.075 0.05390625
3 0.54453125 0.5046875 0.0828125 0.07421875
3 0.5484375 0.42265625 0.0796875 0.06015625
3 0.55 0.34453125 0.08359375 0.0671875
3 0.553125 0.27265625 0.06875 0.07265625
3 0.55859375 0.18984375 0.084375 0.07890625
3 0.65390625 0.73046875 0.09296875 0.07265625
3 0.64375 0.65390625 0.071875 0.05703125
3 0.634375 0.5703125 0.06484375 0.06484375
3 0.646875 0.50625 0.078125 0.06171875
3 0.640625 0.4265625 0.08203125 0.059375
3 0.6578125 0.353125 0.08984375 0.06171875
3 0.64921875 0.2765625 0.0890625 0.06796875
3 0.65390625 0.20234375 0.08828125 0.07265625