3 0.25078125 0.63046875 0.1453125 0.0953125
3 0.26875 0.5140625 0.1515625 0.0875
3 0.275 0.41484375 0.1390625 0.1
3 0.3953125 0.7578125 0.15625 0.10078125
3 0.40625 0.634375 0.14765625 0.096875
3 0.42421875 0.5140625 0.153125 0.0984375
3 0.41015625 0.40234375 0.11953125 0.08671875
3 0.56796875 0.76796875 0.1625 0.10546875
3 0.55390625 0.63125 0.15078125 0.09375
3 0.571875 0.51796875 0.15 0.0953125
3 0.5609375 0.4046875 0.1234375 0.0828125
3 0.71640625 0.6296875 0.14609375 0.090625
3 0.71328125 0.51171875 0.1453125 0.09296875
3 0.6890625 0.39765625 0.1375 0.0921875
3 0.22578125 0.7609375 0.15 0.09453125
3 0.73359375 0.7671875 0.16640625 0.1078125
3 0.22109375 0.90390625 0.171875 0.12109375
3 0.40234375 0.9015625 0.16953125 0.13515625
3 0.5625 0.89765625 0.14765625 0.11171875
3 0.74609375 0.9 0.1703125 0.10859375