2 0.19453125 0.18203125 0.31171875 0.14140625
2 0.19375 0.29921875 0.32421875 0.12578125
2 0.49453125 0.19375 0.27890625 0.15625
2 0.78515625 0.20859375 0.26953125 0.13515625
2 0.49296875 0.31640625 0.26953125 0.11328125
2 0.78359375 0.3203125 0.28828125 0.115625
2 0.1890625 0.4140625 0.3 0.12109375
2 0.2 0.5265625 0.32265625 0.1109375
2 0.1984375 0.63984375 0.3046875 0.11015625
2 0.49296875 0.421875 0.29765625 0.10546875
2 0.48984375 0.5296875 0.2765625 0.10546875
2 0.48984375 0.63984375 0.2703125 0.10703125
2 0.7890625 0.421875 0.284375 0.1125
2 0.7765625 0.528125 0.275 0.08984375
2 0.76640625 0.63125 0.24609375 0.10859375