3 0.2265625 0.21484375 0.11640625 0.16796875
3 0.36015625 0.23203125 0.09765625 0.16015625
3 0.47109375 0.265625 0.08203125 0.13828125
3 0.58046875 0.275 0.09375 0.153125
3 0.68671875 0.296875 0.06796875 0.11796875
3 0.21875 0.3953125 0.10859375 0.14375
3 0.35 0.40390625 0.09375 0.14921875
3 0.4703125 0.41875 0.07578125 0.13359375
3 0.57734375 0.4265625 0.0796875 0.12734375
3 0.6890625 0.4375 0.07578125 0.11875
3 0.21484375 0.5609375 0.11171875 0.15703125
3 0.3515625 0.5734375 0.096875 0.14609375
3 0.471875 0.5703125 0.09140625 0.134375
3 0.58125 0.57578125 0.07890625 0.1234375
3 0.68984375 0.575 0.07421875 0.1328125
3 0.21953125 0.728125 0.1140625 0.16328125
3 0.35859375 0.73125 0.1109375 0.13828125
3 0.46953125 0.7265625 0.08515625 0.13203125
3 0.5859375 0.725 0.0859375 0.13828125
3 0.69140625 0.71328125 0.09296875 0.1203125