3 0.0765625 0.53828125 0.153125 0.10625
3 0.11875 0.41875 0.1796875 0.096875
3 0.15703125 0.2984375 0.171875 0.0953125
3 0.31171875 0.403125 0.1578125 0.11796875
3 0.34921875 0.29296875 0.15 0.07890625
3 0.49765625 0.396875 0.18671875 0.1171875
3 0.49609375 0.2984375 0.1765625 0.0953125
3 0.734375 0.525 0.20078125 0.1234375
3 0.7015625 0.39296875 0.1828125 0.10625
3 0.665625 0.28828125 0.15234375 0.09609375
3 0.81484375 0.2890625 0.1875 0.08671875
3 0.89765625 0.37734375 0.17890625 0.11171875
3 0.3125 0.534375 0.20078125 0.115625
3 0.52890625 0.52734375 0.1484375 0.1140625
3 0.92265625 0.51875 0.14765625 0.11953125