2 0.11015625 0.29453125 0.19140625 0.1421875
2 0.1203125 0.4515625 0.1828125 0.15234375
2 0.13515625 0.60703125 0.196875 0.15703125
2 0.2921875 0.29765625 0.1875 0.15703125
2 0.303125 0.446875 0.16640625 0.146875
2 0.31484375 0.60546875 0.13515625 0.16171875
2 0.4578125 0.30625 0.1546875 0.1625
2 0.46953125 0.45390625 0.16640625 0.1515625
2 0.4890625 0.60546875 0.1828125 0.14609375
2 0.61796875 0.3 0.175 0.15078125
2 0.6296875 0.45078125 0.13125 0.14921875
2 0.6453125 0.6078125 0.1625 0.14453125
2 0.81171875 0.6078125 0.18984375 0.16015625
2 0.80546875 0.2984375 0.17265625 0.134375
2 0.8171875 0.45234375 0.18203125 0.13828125