2 0.17421875 0.31328125 0.18046875 0.1453125
2 0.1625 0.45 0.1703125 0.13359375
2 0.15390625 0.58828125 0.15390625 0.140625
2 0.3296875 0.31171875 0.1515625 0.1296875
2 0.3390625 0.4484375 0.15625 0.14921875
2 0.33359375 0.59765625 0.16640625 0.13203125
2 0.4953125 0.29765625 0.1765625 0.1328125
2 0.50625 0.453125 0.17734375 0.13984375
2 0.49921875 0.5890625 0.15703125 0.11796875
2 0.66328125 0.303125 0.12421875 0.14375
2 0.8359375 0.3 0.178125 0.13125
2 0.67890625 0.4484375 0.1546875 0.1265625
2 0.8640625 0.44375 0.178125 0.1328125
2 0.684375 0.5875 0.1875 0.13046875
2 0.8765625 0.58203125 0.18203125 0.13203125