4 0.1625 0.2234375 0.1984375 0.16953125
4 0.36875 0.24296875 0.14453125 0.1609375
4 0.54453125 0.26484375 0.15625 0.14765625
4 0.70859375 0.278125 0.1578125 0.13203125
4 0.884375 0.29609375 0.14921875 0.1109375
4 0.1265625 0.42265625 0.17421875 0.14609375
4 0.32421875 0.44140625 0.15234375 0.12734375
4 0.5203125 0.4625 0.1703125 0.121875
4 0.6796875 0.4734375 0.1484375 0.11171875
4 0.86328125 0.4734375 0.15546875 0.11953125
4 0.096875 0.646875 0.1625 0.14453125
4 0.303125 0.671875 0.159375 0.1390625
4 0.49765625 0.68125 0.15390625 0.146875
4 0.67421875 0.68515625 0.1546875 0.146875
4 0.8421875 0.678125 0.1671875 0.14921875