3 0.28671875 0.7359375 0.07890625 0.1171875
3 0.28828125 0.59921875 0.07890625 0.11015625
3 0.2796875 0.45546875 0.08359375 0.11484375
3 0.2640625 0.3140625 0.08671875 0.1109375
3 0.38359375 0.2984375 0.07890625 0.121875
3 0.39296875 0.44375 0.0859375 0.1078125
3 0.396875 0.590625 0.08359375 0.121875
3 0.4046875 0.72421875 0.075 0.1140625
3 0.49140625 0.2921875 0.08828125 0.0953125
3 0.49921875 0.434375 0.0640625 0.1171875
3 0.5015625 0.57109375 0.06875 0.1203125
3 0.51484375 0.71015625 0.08125 0.09140625
3 0.60078125 0.28515625 0.08828125 0.10625
3 0.6015625 0.42109375 0.05546875 0.08671875
3 0.61015625 0.56015625 0.06015625 0.11171875
3 0.6140625 0.696875 0.06484375 0.1015625
3 0.70703125 0.27578125 0.07890625 0.10859375
3 0.71328125 0.41484375 0.07890625 0.11640625
3 0.7171875 0.55078125 0.07421875 0.1140625
3 0.72421875 0.68046875 0.0890625 0.09765625