3 0.2109375 0.74765625 0.1359375 0.078125
3 0.24375 0.63515625 0.12578125 0.0875
3 0.26875 0.53046875 0.11015625 0.07421875
3 0.2859375 0.4421875 0.11015625 0.08671875
3 0.31640625 0.34921875 0.1171875 0.0921875
3 0.37265625 0.75625 0.125 0.0796875
3 0.384375 0.64296875 0.11484375 0.08671875
3 0.4109375 0.5328125 0.1171875 0.090625
3 0.42421875 0.43359375 0.0921875 0.078125
3 0.453125 0.35 0.1125 0.1046875
3 0.5578125 0.63828125 0.13671875 0.09296875
3 0.55234375 0.534375 0.1328125 0.07734375
3 0.571875 0.4453125 0.11484375 0.07734375
3 0.55234375 0.35 0.07734375 0.08359375
3 0.72578125 0.64765625 0.10546875 0.08515625
3 0.7109375 0.53984375 0.11484375 0.078125
3 0.696875 0.44375 0.1078125 0.084375
3 0.68984375 0.33515625 0.11953125 0.078125
3 0.53671875 0.75859375 0.13046875 0.08359375
3 0.72421875 0.7703125 0.12265625 0.0859375