3 0.2078125 0.5234375 0.11484375 0.090625
3 0.21953125 0.415625 0.1078125 0.0859375
3 0.18671875 0.3375 0.1078125 0.08203125
3 0.19765625 0.240625 0.09921875 0.08203125
3 0.19140625 0.1515625 0.09140625 0.0890625
3 0.33671875 0.4203125 0.10546875 0.08046875
3 0.32109375 0.33984375 0.109375 0.08671875
3 0.33671875 0.26171875 0.13515625 0.10078125
3 0.328125 0.1640625 0.10234375 0.090625
3 0.32421875 0.61171875 0.1046875 0.0734375
3 0.43671875 0.60234375 0.11328125 0.08125
3 0.53125 0.60078125 0.13984375 0.0890625
3 0.43671875 0.53359375 0.10234375 0.09453125
3 0.53359375 0.52578125 0.1296875 0.08359375
3 0.440625 0.42109375 0.090625 0.07109375
3 0.4359375 0.346875 0.1015625 0.09375
3 0.43046875 0.26796875 0.11015625 0.090625
3 0.43125 0.18203125 0.10546875 0.0921875
3 0.54140625 0.4265625 0.08515625 0.059375
3 0.5359375 0.34921875 0.09375 0.0796875
3 0.54453125 0.27578125 0.10078125 0.07578125
3 0.53828125 0.19765625 0.09921875 0.084375
3 0.6421875 0.6 0.11484375 0.08125
3 0.63671875 0.52578125 0.08828125 0.071875
3 0.6421875 0.42734375 0.09921875 0.0578125
3 0.63046875 0.35859375 0.12734375 0.090625
3 0.63125 0.2953125 0.08671875 0.07734375
3 0.63359375 0.20625 0.10546875 0.08203125
3 0.321875 0.52890625 0.12578125 0.08203125
3 0.20859375 0.625 0.09140625 0.08046875
3 0.19140625 0.70859375 0.09765625 0.0890625
3 0.32734375 0.7015625 0.1265625 0.08203125
3 0.4328125 0.68984375 0.11015625 0.07109375
3 0.546875 0.66875 0.11640625 0.08125
3 0.2140625 0.8 0.10625 0.0796875
3 0.33125 0.78515625 0.1140625 0.07578125
3 0.4453125 0.76875 0.109375 0.0734375
3 0.54765625 0.7546875 0.09765625 0.07265625
3 0.64140625 0.75234375 0.103125 0.078125
3 0.640625 0.665625 0.09609375 0.0609375