4 0.1828125 0.16484375 0.19765625 0.17265625
4 0.51484375 0.21640625 0.17578125 0.13828125
4 0.753125 0.2453125 0.175 0.14375
4 0.17109375 0.353125 0.21640625 0.15234375
4 0.5125 0.38203125 0.1546875 0.12109375
4 0.76484375 0.384375 0.1453125 0.11640625
4 0.1890625 0.5453125 0.21640625 0.1390625
4 0.5125 0.53125 0.18984375 0.12421875
4 0.76171875 0.5296875 0.1609375 0.109375
4 0.1828125 0.72109375 0.24375 0.14375
4 0.5140625 0.69296875 0.19296875 0.11953125
4 0.75 0.65859375 0.18515625 0.12421875
4 0.18671875 0.91171875 0.24609375 0.14453125
4 0.54140625 0.84296875 0.1984375 0.1421875
4 0.75859375 0.803125 0.19296875 0.1296875